3
544 226 339
-0.04707200080156326 0.03282200172543526 0.003076999913901091 
-0.04050000011920929 0.03458800166845322 0.00202100002206862 
-0.04704599827528 0.03559799864888191 0.001168000046163797 
-0.04050000011920929 0.03680799901485443 -0.0002640000020619482 
-0.04650000110268593 0.03680799901485443 -0.0002640000020619482 
-0.04050000011920929 0.03176200017333031 0.003492000047117472 
0.04650000110268593 0.02861700020730495 0.004000000189989805 
0.04749400168657303 0.02952999994158745 0.003986999858170748 
0.0404990017414093 0.02956500090658665 0.00380200007930398 
0.04050000011920929 0.03176200017333031 0.003492000047117472 
0.0234999991953373 0.028651999309659 0.004000000189989805 
-0.0234999991953373 0.03176200017333031 0.003492000047117472 
-0.0234999991953373 0.028651999309659 0.004000000189989805 
-0.04615100100636482 0.02861700020730495 0.004000000189989805 
-0.04050000011920929 0.02957299910485744 0.003792000003159046 
-0.047495998442173 0.02944499999284744 0.00392800010740757 
0.0234999991953373 0.03176200017333031 0.003492000047117472 
0.0234999991953373 0.03458800166845322 0.00202100002206862 
-0.0234999991953373 0.03458800166845322 0.00202100002206862 
0.0234999991953373 0.03680799901485443 -0.0002640000020619482 
-0.0234999991953373 0.03680799901485443 -0.0002640000020619482 
0.04748399928212166 0.03447899967432022 0.002184000099077821 
0.04050000011920929 0.03458800166845322 0.00202100002206862 
0.04650000110268593 0.03680799901485443 -0.0002640000020619482 
0.04050000011920929 0.03680799901485443 -0.0002640000020619482 
-0.04650000110268593 0.05986399948596954 -0.03319099918007851 
-0.04050000011920929 0.05986399948596954 -0.03319099918007851 
-0.0234999991953373 0.03897700086236 -0.01141500007361174 
-0.0234999991953373 0.03621700033545494 -0.01336800027638674 
-0.04050000011920929 0.03892000019550323 -0.01146600022912025 
-0.04050000011920929 0.03621700033545494 -0.01336800027638674 
-0.04050000011920929 0.04226100072264671 -0.06384199857711792 
-0.04588000103831291 0.04179900139570236 -0.06541900336742401 
-0.04050000011920929 0.04190099984407425 -0.06588099896907806 
-0.04589999839663506 0.04309000074863434 -0.0685420036315918 
-0.04055500030517578 0.04331099987030029 -0.06881000101566315 
-0.04589999839663506 0.04623499885201454 -0.06951700150966644 
-0.04049700126051903 0.04748399928212166 -0.06931699812412262 
-0.04588299989700317 0.04865499958395958 -0.06852900236845016 
-0.04050000011920929 0.04951100051403046 -0.06722299754619598 
-0.04706300050020218 0.06138399988412857 -0.03615599870681763 
-0.04731100052595139 0.06164899840950966 -0.0391170009970665 
-0.04749999940395355 0.05950099974870682 -0.03458699956536293 
-0.04749999940395355 0.05982900038361549 -0.04272999987006187 
-0.04749900102615356 0.0446229986846447 -0.06054000183939934 
-0.047495998442173 0.05331800132989883 -0.04163900017738342 
-0.0474810004234314 0.0524590015411377 -0.03877700120210648 
-0.04749400168657303 0.05055100098252296 -0.06337600201368332 
-0.04749999940395355 0.03598900139331818 -0.0008379999781027436 
-0.04750199988484383 0.0297279991209507 -0.004730000160634518 
-0.04749999940395355 0.0514799989759922 -0.03342200070619583 
-0.04749999940395355 0.0334630012512207 -0.007691000122576952 
0.04650000110268593 0.05986399948596954 -0.03319099918007851 
0.04050000011920929 0.05986399948596954 -0.03319099918007851 
0.01389999967068434      0 0.004000000189989805 
0.00800000037997961      0 0.004000000189989805 
0.00800000037997961 -0.001809000037610531 0.003584000049158931 
0.01391199976205826 -0.003044999903067946 0.002743999939411879 
0.0079950001090765 -0.003911000210791826 0.001311999978497624 
0.01389599964022636 -0.00390900019556284 -0.001261999947018921 
0.007999000139534473 -0.00306400004774332 -0.002745999954640865 
0.01389999967068434 -0.002000000094994903 -0.003464000066742301 
0.00800000037997961      0 -0.004000000189989805 
0.01389999967068434      0 -0.004000000189989805 
0.0458730012178421 0.04179099947214127 -0.06544999778270721 
0.04050000011920929 0.04226100072264671 -0.06384199857711792 
0.04050000011920929 0.04190099984407425 -0.06588099896907806 
0.04050000011920929 0.04309000074863434 -0.0685420036315918 
0.04585599899291992 0.04348599910736084 -0.06898900121450424 
0.04050000011920929 0.04709500074386597 -0.0694580003619194 
0.04589999839663506 0.04748399928212166 -0.06931699812412262 
0.04050000011920929 0.04951100051403046 -0.06722299754619598 
0.04589999839663506 0.04951100051403046 -0.06722299754619598 
-0.00800000037997961      0 0.004000000189989805 
-0.01549999974668026      0 0.004000000189989805 
-0.01549999974668026 -0.001999000087380409 0.003465000074356794 
-0.00800000037997961 -0.002000000094994903 0.003464000066742301 
-0.01549999974668026 -0.003520000027492642 0.001929000020027161 
-0.00800000037997961 -0.003464000066742301 0.002000000094994903 
-0.01549999974668026 -0.004000000189989805      0 
-0.00800000037997961 -0.004000000189989805      0 
-0.01549999974668026 -0.003464000066742301 -0.002000000094994903 
-0.00800000037997961 -0.003501999890431762 -0.001951999962329865 
-0.01549999974668026 -0.001999000087380409 -0.003465000074356794 
-0.00800000037997961 -0.001247999956831336 -0.003922999836504459 
-0.01549999974668026      0 -0.004000000189989805 
0.04600600153207779 0.04336199909448624 -0.06148000061511993 
0.04650000110268593 0.05153299868106842 -0.04395800083875656 
0.04050000011920929 0.05153299868106842 -0.04395800083875656 
0.04589699953794479 0.05070799961686134 -0.06465599685907364 
0.04050000011920929 0.06073499843478203 -0.04315299913287163 
0.04650000110268593 0.06073499843478203 -0.04315299913287163 
-0.04603800177574158 0.04337700083851814 -0.06144699826836586 
-0.04050000011920929 0.05153299868106842 -0.04395800083875656 
-0.04650000110268593 0.05153299868106842 -0.04395800083875656 
-0.04597099870443344 0.0506649985909462 -0.06475000083446503 
-0.04650000110268593 0.06073499843478203 -0.04315299913287163 
-0.04050000011920929 0.06073499843478203 -0.04315299913287163 
-0.0234999991953373 0.05153299868106842 -0.04395800083875656 
-0.0234999991953373 0.04226100072264671 -0.06384199857711792 
-0.01649999991059303 0.05153299868106842 -0.04395800083875656 
-0.01649999991059303 0.04226100072264671 -0.06384199857711792 
0.0234999991953373 0.04226100072264671 -0.06384199857711792 
0.01649999991059303 0.04226100072264671 -0.06384199857711792 
0.01649999991059303 0.04190099984407425 -0.06588099896907806 
0.0234999991953373 0.04190099984407425 -0.06588099896907806 
0.01649999991059303 0.04261000081896782 -0.06782600283622742 
0.0234999991953373 0.04261000081896782 -0.06782600283622742 
0.01649999991059303 0.0441959984600544 -0.06915699690580368 
0.0234999991953373 0.0441959984600544 -0.06915699690580368 
0.01649999991059303 0.04623499885201454 -0.06951700150966644 
0.0234999991953373 0.04623499885201454 -0.06951700150966644 
0.01649999991059303 0.0481799989938736 -0.06880900263786316 
0.0234999991953373 0.0481799989938736 -0.06880900263786316 
0.01649999991059303 0.04951100051403046 -0.06722299754619598 
0.0234999991953373 0.04951100051403046 -0.06722299754619598 
-0.01649999991059303 0.06073499843478203 -0.04315299913287163 
-0.01649999991059303 0.04951100051403046 -0.06722299754619598 
-0.0234999991953373 0.06073499843478203 -0.04315299913287163 
-0.0234999991953373 0.04951100051403046 -0.06722299754619598 
-0.04650000110268593 0.03264399990439415 -0.008263999596238136 
-0.04650000110268593 0.05066100135445595 -0.03399600088596344 
-0.04050000011920929 0.05066100135445595 -0.03399600088596344 
-0.0234999991953373 0.05066100135445595 -0.03399600088596344 
-0.01649999991059303 0.05066100135445595 -0.03399600088596344 
-0.01649999991059303 0.03627099841833115 -0.0134450001642108 
0.04650000110268593 0.03264399990439415 -0.008263999596238136 
0.01649999991059303 0.03627099841833115 -0.0134450001642108 
0.04050000011920929 0.05066100135445595 -0.03399600088596344 
0.04650000110268593 0.05066100135445595 -0.03399600088596344 
0.04050000011920929 0.03621700033545494 -0.01336800027638674 
0.0234999991953373 0.03621700033545494 -0.01336800027638674 
0.0234999991953373 0.05066100135445595 -0.03399600088596344 
0.01649999991059303 0.05066100135445595 -0.03399600088596344 
0.01649999991059303 0.05153299868106842 -0.04395800083875656 
0.0234999991953373 0.05153299868106842 -0.04395800083875656 
-0.0234999991953373 0.04190099984407425 -0.06588099896907806 
-0.01649999991059303 0.04190099984407425 -0.06588099896907806 
-0.0234999991953373 0.04261000081896782 -0.06782600283622742 
-0.01649999991059303 0.04261000081896782 -0.06782600283622742 
-0.0234999991953373 0.0441959984600544 -0.06915699690580368 
-0.01649999991059303 0.0441959984600544 -0.06915699690580368 
-0.0234999991953373 0.04623499885201454 -0.06951700150966644 
-0.01649999991059303 0.04623499885201454 -0.06951700150966644 
-0.0234999991953373 0.0481799989938736 -0.06880900263786316 
-0.01649999991059303 0.0481799989938736 -0.06880900263786316 
0.0234999991953373 0.06073499843478203 -0.04315299913287163 
0.01649999991059303 0.06073499843478203 -0.04315299913287163 
-0.01649999991059303 0.05986399948596954 -0.03319099918007851 
-0.0234999991953373 0.05986399948596954 -0.03319099918007851 
-0.01649999991059303 0.0390000008046627 -0.003393999999389052 
0.01649999991059303 0.0390000008046627 -0.003393999999389052 
0.01649999991059303 0.05986399948596954 -0.03319099918007851 
0.0234999991953373 0.05986399948596954 -0.03319099918007851 
-0.00800000037997961      0 0.004000000189989805 
-0.01549999974668026 0.006200000178068876 0.004000000189989805 
-0.00800000037997961 0.005200000014156103 0.004000000189989805 
0.01389999967068434      0 0.004000000189989805 
0.00800000037997961 0.005200000014156103 0.004000000189989805 
0.01390499994158745 0.002837999956682324 0.003992999903857708 
0.01549699995666742 0.002748999977484345 0.003695999970659614 
0.0154990004375577 0.005229999776929617 0.003998000174760818 
-0.04267900064587593 0.02157500013709068 0.004000000189989805 
0.02449999935925007 0.0234409999102354 0.004000000189989805 
0.02649999968707561 0.02816200070083141 0.004000000189989805 
0.04658899828791618 0.02786099910736084 0.003965000156313181 
-0.03626000136137009 0.01379700005054474 0.004000000189989805 
-0.02851000055670738 0.008600999601185322 0.003998000174760818 
0.0249049998819828 0.007342999801039696 0.003998999949544668 
-0.03320100158452988 0.01032599993050098 0.0035500000230968 
-0.03950700163841248 0.01695900037884712 -0.004000000189989805 
-0.0444989986717701 0.02445200085639954 -0.004000000189989805 
-0.01549999974668026 0.006200000178068876 -0.004000000189989805 
0.0155029995366931 0.002806999953463674 -0.00367300002835691 
0.01389999967068434 0.004000000189989805 -0.004000000189989805 
0.01549999974668026 0.006200000178068876 -0.004000000189989805 
0.02220899984240532 0.006988999899476767 -0.004000000189989805 
-0.00800000037997961 0.005200000014156103 -0.004000000189989805 
0.0444989986717701 0.02445200085639954 -0.004000000189989805 
0.0378899984061718 0.0153839997947216 -0.004000000189989805 
0.0326320007443428 0.01114299986511469 -0.004000000189989805 
0.00800000037997961 0.005200000014156103 -0.004000000189989805 
0.00800000037997961      0 -0.004000000189989805 
-0.01987400092184544 0.006178000010550022 -0.003998999949544668 
-0.03061000071465969 0.009486000053584576 -0.003994999919086695 
-0.03692400082945824 0.01305599976330996 -0.003634999971836805 
0.04749999940395355 0.05982900038361549 -0.04272999987006187 
0.04728600010275841 0.06143999844789505 -0.04100099951028824 
0.04749999940395355 0.05950099974870682 -0.03458699956536293 
0.04710299894213676 0.06164399906992912 -0.03801900148391724 
0.04749999940395355 0.03598900139331818 -0.0008379999781027436 
0.04749999940395355 0.02968999929726124 -0.004732000175863504 
0.04749200120568275 0.05284399911761284 -0.03595700114965439 
0.04749200120568275 0.05332000181078911 -0.04168200120329857 
0.04749999940395355 0.05000299960374832 -0.06368400156497955 
0.04749999940395355 0.0486610010266304 -0.06145099923014641 
0.04749700054526329 0.04453900083899498 -0.06059100106358528 
0.04749999940395355 0.0334630012512207 -0.007691000122576952 
0.04749999940395355 0.0514799989759922 -0.03342200070619583 
-0.01649999991059303 0.04715799912810326 -0.06657800078392029 
-0.01649999991059303 0.04538900032639503 -0.06707099825143814 
-0.01649999991059303 0.04430500045418739 -0.06587199866771698 
-0.01649999991059303 0.04478500038385391 -0.06427700072526932 
-0.01649999991059303 0.04636200144886971 -0.06396199762821198 
-0.01649999991059303 0.03829500079154968 -0.01385699957609177 
-0.01649999991059303 0.0375789999961853 -0.01408199965953827 
-0.01649999991059303 0.03684199973940849 -0.01393300015479326 
-0.01649999991059303 0.03881200030446053 -0.01331199984997511 
-0.01649999991059303 0.0390000008046627 -0.01258500013500452 
-0.01649999991059303 0.06133100017905235 -0.03633800148963928 
-0.01649999991059303 0.05212900042533875 -0.0371440015733242 
-0.01649999991059303 0.06163400039076805 -0.03979799896478653 
-0.01649999991059303 0.05243200063705444 -0.04060300067067146 
-0.01649999991059303 0.04724999889731407 -0.06474500149488449 
0.01649999991059303 0.0390000008046627 -0.01258500013500452 
0.01649999991059303 0.04746099933981895 -0.06553199887275696 
0.01649999991059303 0.03684199973940849 -0.01393300015479326 
0.01649999991059303 0.0375789999961853 -0.01408199965953827 
0.01649999991059303 0.03829500079154968 -0.01385699957609177 
0.01649999991059303 0.03881200030446053 -0.01331199984997511 
0.01649999991059303 0.05212900042533875 -0.0371440015733242 
0.01649999991059303 0.06133100017905235 -0.03633800148963928 
0.01649999991059303 0.05243200063705444 -0.04060300067067146 
0.01649999991059303 0.06163400039076805 -0.03979799896478653 
0.01649999991059303 0.04698299989104271 -0.06429699808359146 
0.01649999991059303 0.04531300067901611 -0.06397700309753418 
0.01649099960923195 0.04426699876785278 -0.06570400297641754 
0.01649999991059303 0.0455470010638237 -0.06711400300264359 
0.01649999991059303 0.04708600044250488 -0.06661699712276459 
-0.04050000011920929 0.04761800169944763 -0.06453199684619904 
-0.04050000011920929 0.04642799869179726 -0.06345800310373306 
-0.04050000011920929 0.06163400039076805 -0.03979799896478653 
-0.04050000011920929 0.04783700034022331 -0.06617199629545212 
-0.04047099873423576 0.04580000042915344 -0.06764700263738632 
-0.04050000011920929 0.04387899860739708 -0.06595300137996674 
-0.04050000011920929 0.04436999931931496 -0.06401900202035904 
-0.04050000011920929 0.03896100074052811 -0.009615000337362289 
-0.04050000011920929 0.03922700136899948 -0.01034499984234571 
-0.04050000011920929 0.06133100017905235 -0.03633800148963928 
-0.04050000011920929 0.05212900042533875 -0.0371440015733242 
-0.04050000011920929 0.05243200063705444 -0.04060300067067146 
-0.0234999991953373 0.02967699989676476 0.003643000032752752 
-0.0234999991953373 0.04775499925017357 -0.06671299785375595 
-0.0234999991953373 0.03918600082397461 -0.009936000220477581 
-0.0234999991953373 0.05212900042533875 -0.0371440015733242 
-0.0234999991953373 0.06133100017905235 -0.03633800148963928 
-0.0234999991953373 0.05243200063705444 -0.04060300067067146 
-0.0234999991953373 0.06163400039076805 -0.03979799896478653 
-0.0234999991953373 0.04638500139117241 -0.06391499936580658 
-0.0234999991953373 0.045244000852108 -0.06394699960947037 
-0.02342499978840351 0.04423899948596954 -0.06517300009727478 
-0.02342700026929379 0.04486500099301338 -0.06688299775123596 
0.04050000011920929 0.04795200005173683 -0.06504800170660019 
0.04050000011920929 0.03924600034952164 -0.01053899992257357 
0.04050000011920929 0.03896100074052811 -0.009615000337362289 
0.04050000011920929 0.03887699916958809 -0.01149799954146147 
0.04050000011920929 0.05212900042533875 -0.0371440015733242 
0.04050000011920929 0.06133100017905235 -0.03633800148963928 
0.04050000011920929 0.05243200063705444 -0.04060300067067146 
0.04050000011920929 0.06163400039076805 -0.03979799896478653 
0.04050000011920929 0.04688600078225136 -0.06379999965429306 
0.04050000011920929 0.04522600024938583 -0.06354100257158279 
0.04050000011920929 0.04376599937677383 -0.06568200141191483 
0.04050000011920929 0.04547199979424477 -0.06754499673843384 
0.04050000011920929 0.04740500077605247 -0.0669189989566803 
0.0234999991953373 0.0388370007276535 -0.01152999978512526 
0.02349900081753731 0.04533300176262856 -0.06393499672412872 
0.02344500087201595 0.04450799897313118 -0.0665069967508316 
0.0233789999037981 0.04617699980735779 -0.06717199832201004 
0.02349900081753731 0.04745600000023842 -0.06604299694299698 
0.0234999991953373 0.04706399887800217 -0.06431200355291367 
0.0234999991953373 0.06163400039076805 -0.03979799896478653 
0.0234999991953373 0.02967599965631962 0.003645000047981739 
0.0234999991953373 0.0391560010612011 -0.009894000366330147 
0.0234999991953373 0.0392099991440773 -0.01073599979281425 
0.0234999991953373 0.06133100017905235 -0.03633800148963928 
0.0234999991953373 0.05212900042533875 -0.0371440015733242 
0.0234999991953373 0.05243200063705444 -0.04060300067067146 
-0.008038000203669071 -0.001465999986976385 0.0009190000128000975 
-0.008081999607384205 -0.001323999953456223 -0.001178000005893409 
-0.008012999780476093 0.0004060000064782798 0.00172900001052767 
-0.008003000169992447 0.001640000031329691 -0.001450999989174306 
-0.008011000230908394 0.001858999952673912 4.600000102072954e-05 
0.007992999628186226 0.001179000013507903 -0.001787999994121492 
0.0079950001090765 0.001857999945059419 0.001372999977320433 
0.008026000112295151 -0.001383000053465366 0.001782999956049025 
0.007977000437676907 -0.001663999981246889 -0.001246999949216843 
-0.01549999974668026 0.005200999788939953 -0.003306000027805567 
-0.01549999974668026 0.001550000044517219 0.0005070000188425183 
-0.01549999974668026 0.005200999788939953 0.003384999930858612 
-0.01549999974668026 0.0007389999809674919 0.001389999990351498 
-0.01551499962806702 -0.0009810000192373991 0.001352000050246716 
-0.01553000044077635 -0.001484000007621944 -0.0008720000041648746 
-0.01550399977713823 0.0009430000209249556 -0.001377000007778406 
-0.02013999968767166 0.005526999942958355 -0.003288999898359179 
-0.02014699950814247 0.005532999988645315 0.003693999955430627 
-0.02467299997806549 0.006496999878436327 -0.003483999986201525 
-0.0246920008212328 0.006502000149339437 0.003404000075533986 
-0.02906000055372715 0.008100000210106373 -0.003288999898359179 
-0.02905399911105633 0.008097000420093536 0.003288999898359179 
-0.03316299989819527 0.01029600016772747 -0.003288999898359179 
-0.03691399842500687 0.01304200012236834 0.00340800010599196 
-0.04024599865078926 0.01628899946808815 -0.00340800010599196 
-0.04023300111293793 0.01627499982714653 0.003545999992638826 
-0.04306599870324135 0.01993600092828274 -0.003587000072002411 
-0.04309000074863434 0.01996799930930138 0.003472999902442098 
-0.04566099867224693 0.02448200061917305 -0.003270999994128942 
-0.04532799869775772 0.02389300055801868 0.003613000037148595 
-0.0467820018529892 0.02735999971628189 -0.003844999941065907 
0.01549400016665459 0.004174999892711639 -6.900000153109431e-05 
0.01549999974668026 0.005204999819397926 -0.003393999999389052 
0.02928899973630905 0.008240999653935432 -0.003707000054419041 
0.02661900036036968 0.007067000027745962 0.0007789999945089221 
0.02452600002288818 0.006459999829530716 -0.003487000009045005 
0.02034899964928627 0.005551999900490046 -0.00355600006878376 
0.02546799927949905 0.006690999958664179 0.003125000046566129 
0.03539000079035759 0.01173899974673986 -0.003496000077575445 
0.03218299895524979 0.0097850002348423 0.0009360000258311629 
0.04025299847126007 0.01632500067353249 -0.003494000062346458 
0.04306299984455109 0.01996400021016598 -0.003570999950170517 
0.04254699870944023 0.01914599910378456 0.0008340000058524311 
0.039707001298666 0.01570199988782406 0.0004799999878741801 
0.03719599917531013 0.01330799981951714 0.0005019999807700515 
0.04599399864673615 0.02519599907100201 -0.00357199995778501 
0.04444099962711334 0.02216700091958046 0.001523999962955713 
0.04592899978160858 0.02516200020909309 0.002588999923318624 
0.02010999992489815 0.005470999982208014 0.003627999918535352 
0.04608200117945671 0.04750899970531464 -0.06181599944829941 
0.04588799923658371 0.04394200071692467 -0.06487400084733963 
0.04589699953794479 0.04544299840927124 -0.06351999938488007 
0.04589999839663506 0.04469899833202362 -0.06730999797582626 
0.04589800164103508 0.04724999889731407 -0.06706999987363815 
0.04585700109601021 0.04787600040435791 -0.06468900293111801 
0.01390099991112947 0.002876000013202429 -0.00315900007262826 
0.01389999967068434 0.004139999859035015 9.100000170292333e-05 
0.01388700027018785 -0.001396000036038458 0.001539999968372285 
0.01388199999928474 0.001188999973237514 0.001805000007152557 
0.01386599987745285 -0.0001120000015362166 -0.002099999925121665 
0.01360800024122 0.001947000040672719 -0.0006489999941550195 
0.01361900009214878 -0.002005999907851219 -0.0004450000124052167 
-0.0103399995714426 -9.300000237999484e-05 -0.001744000008329749 
0.02215199917554855 0.04434699937701225 -0.06503500044345856 
0.04725699871778488 0.05075300112366676 -0.06383900344371796 
-0.02227699942886829 0.04637899994850159 -0.06706900149583817 
-0.02247500047087669 0.04764100164175034 -0.06531699746847153 
-0.04692000150680542 0.05221400037407875 -0.04200800135731697 
-0.04691600054502487 0.0516740009188652 -0.03580600023269653 
0.04684999957680702 0.05244800075888634 -0.03885800018906593 
0.04674600064754486 0.05216699838638306 -0.04228800162672997 
0.0467820018529892 0.05166900157928467 -0.03580199927091599 
0.04702199995517731 0.06077300012111664 -0.03475899994373322 
-0.04715200141072273 0.06143299862742424 -0.04110400006175041 
0.0451899990439415 0.02585499919950962 -0.004098999779671431 
-0.0451899990439415 0.02585499919950962 -0.004098999779671431 
0.04578100144863129 0.0272429995238781 -0.004397000186145306 
-0.04578100144863129 0.0272429995238781 -0.004397000186145306 
-0.04593599960207939 0.02764599956572056 -0.004523999989032745 
0.04650000110268593 0.03039100021123886 -0.006025000009685755 
0.04650000110268593 0.02930700033903122 -0.005257999990135431 
-0.04639299958944321 0.02896399982273579 -0.0050760000012815 
0.04639299958944321 0.02896399982273579 -0.0050760000012815 
0.04593599960207939 0.02764599956572056 -0.004523999989032745 
-0.04650000110268593 0.03108399920165539 -0.006515000015497208 
0.04650000110268593 0.03108399920165539 -0.006515000015497208 
-0.04650000110268593 0.02930700033903122 -0.005257999990135431 
-0.04589499905705452 0.04628999903798103 -0.06351999938488007 
-0.04608700051903725 0.04756899923086166 -0.0621890015900135 
-0.04589800164103508 0.04782700166106224 -0.06487700343132019 
-0.04592299833893776 0.04701000079512596 -0.06731999665498734 
-0.04591099917888641 0.04402999952435493 -0.06453400105237961 
-0.04589600116014481 0.0445219986140728 -0.06706999987363815 
-0.04699999839067459 0.05084399878978729 -0.06404700130224228 
0.02623900026082993 0.02116700075566769 0.00125800003297627 
0.02617999911308289 0.02779299952089787 0.003930999897420406 
0.02601199969649315 0.02456800080835819 0.002365000080317259 
0.02621199935674667 0.01765000075101852 0.0006389999762177467 
0.02590199932456017 0.01348499953746796 0.0005360000068321824 
0.02638299949467182 0.007949000224471092 0.001453000004403293 
0.02546099945902824 0.02531800046563148 0.003469000104814768 
0.02550599910318851 0.01878499984741211 0.001398000051267445 
0.04707999899983406 0.03280900046229362 -0.008218999952077866 
0.04742399975657463 0.03314900025725365 -0.007910000160336494 
0.04699999839067459 0.05077100172638893 -0.03391899913549423 
0.04700100049376488 0.04386800155043602 -0.06071500107645988 
0.04736600071191788 0.05945400148630142 -0.03347799926996231 
0.04736600071191788 0.0363989993929863 -0.0005510000046342611 
0.04699999839067459 0.03669900074601173 -0.0003410000063013285 
-0.04736600071191788 0.0363989993929863 -0.0005510000046342611 
-0.04736600071191788 0.05945400148630142 -0.03347799926996231 
-0.04699999839067459 0.05975399911403656 -0.03326800093054771 
-0.0469990000128746 0.04386899992823601 -0.06070899963378906 
-0.04736600071191788 0.05107099935412407 -0.03370900079607964 
-0.04699999839067459 0.05077100172638893 -0.03391899913549423 
-0.04699999839067459 0.03275299817323685 -0.008186999708414078 
-0.04736600071191788 0.03305299952626228 -0.007977000437676907 
-0.04506999999284744 0.04586099833250046 -0.06486699730157852 
-0.04742500185966492 0.04634499922394753 -0.06531599909067154 
-0.04723900184035301 0.04502400010824203 -0.0664059966802597 
-0.01643599942326546 0.04511800035834312 -0.06694500148296356 
-0.01644200086593628 0.04736899957060814 -0.066382996737957 
-0.01640000008046627 0.04435700178146362 -0.06509800255298615 
-0.01644900068640709 0.04625200107693672 -0.06397199630737305 
-0.02207900024950504 0.04715500026941299 -0.06476599723100662 
-0.02214599959552288 0.0455080009996891 -0.06394399702548981 
-0.02228499948978424 0.04436999931931496 -0.06566300243139267 
-0.02138300053775311 0.04563099890947342 -0.0670899972319603 
-0.0222219992429018 0.04719600081443787 -0.06617499887943268 
-0.04732000082731247 0.04447399824857712 -0.0620569996535778 
-0.04739899933338165 0.04915700107812881 -0.06395100057125092 
-0.04735400155186653 0.04413500055670738 -0.06878899782896042 
-0.04734199866652489 0.04757599905133247 -0.06857000291347504 
-0.04731399938464165 0.04245200008153915 -0.06528100371360779 
-0.04589699953794479 0.04789000004529953 -0.06244499981403351 
-0.04592800140380859 0.04346400126814842 -0.06273099780082703 
-0.04589999839663506 0.04259100183844566 -0.06681600213050842 
-0.04588200151920319 0.04525899887084961 -0.06915999948978424 
-0.04589200019836426 0.04962600022554398 -0.06640899926424026 
-0.04590199887752533 0.04402299970388412 -0.06480199843645096 
-0.04590100049972534 0.0440559983253479 -0.0663440003991127 
-0.04590500146150589 0.04589100182056427 -0.0675320029258728 
-0.0459039993584156 0.0458809994161129 -0.06353200227022171 
-0.04589800164103508 0.04445600137114525 -0.06413599848747253 
-0.04590199887752533 0.04774900153279305 -0.06626199930906296 
-0.04590100049972534 0.04771599918603897 -0.0647210031747818 
-0.04589800164103508 0.04731699824333191 -0.06692899763584137 
-0.04403200000524521 0.04706300050020218 -0.06387600302696228 
-0.04439999908208847 0.04509700089693069 -0.06369499862194061 
-0.04439999908208847 0.04388599842786789 -0.06555800139904022 
-0.04403200000524521 0.04470999911427498 -0.06718800216913223 
-0.04439999908208847 0.04667500033974648 -0.06736999750137329 
-0.04439999908208847 0.04788599908351898 -0.06550599634647369 
-0.02239999920129776 0.04402900114655495 -0.0647910013794899 
-0.02239999920129776 0.04445400089025497 -0.06413599848747253 
-0.02239999920129776 0.04509700089693069 -0.06369499862194061 
-0.02239999920129776 0.04585999995470047 -0.06353200227022171 
-0.02239999920129776 0.04662699997425079 -0.06367500126361847 
-0.02239999920129776 0.04728199914097786 -0.0640999972820282 
-0.02239999920129776 0.04772400110960007 -0.06474299728870392 
-0.02239999920129776 0.04788599908351898 -0.06550599634647369 
-0.02239999920129776 0.04774399846792221 -0.06627299636602402 
-0.02239999920129776 0.04731899872422218 -0.06692799925804138 
-0.02239999920129776 0.04667500033974648 -0.06736999750137329 
-0.02239999920129776 0.0459120012819767 -0.0675320029258728 
-0.02239999920129776 0.04514500126242638 -0.06739000231027603 
-0.02239999920129776 0.04448999837040901 -0.06696499884128571 
-0.02239999920129776 0.0440480001270771 -0.06632100045681 
-0.02239999920129776 0.04388599842786789 -0.06555800139904022 
-0.01559299975633621 -0.001517000026069582 -0.0003370000049471855 
-0.01562700048089027 -0.0003889999934472144 0.001556999981403351 
-0.01557699963450432 0.001683000009506941 -0.0001279999996768311 
-0.01542900037020445 -0.0001880000054370612 -0.001627000048756599 
-0.009895999915897846 -0.001025000005029142 -0.00120900000911206 
-0.01010600011795759 -0.001152000040747225 0.001157999970018864 
-0.01005799975246191 0.0008219999726861715 0.001250999979674816 
-0.009934999980032444 0.001478999969549477 -0.0006830000202171504 
0.0153839997947216 0.003262999933212996 0.0007340000011026859 
0.01541399955749512 -0.002801999915391207 -0.001570999971590936 
0.01537699997425079 0.001283999998122454 -0.003359999973326921 
0.01508099958300591 -0.002666000043973327 0.00241499999538064 
0.01506400015205145 0.0006430000066757202 0.003681000089272857 
0.01398700010031462 -0.003727999981492758 -0.000661000027321279 
0.01407700031995773 -0.001811999944038689 -0.003296999959275126 
0.01397900003939867 0.002714999951422215 -0.002769999904558063 
0.01389800012111664 0.003340000053867698 0.001565000042319298 
0.01389999967068434 -0.001933000050485134 0.0005159999709576368 
0.01389900036156178 -0.001001999946311116 0.00173200003337115 
0.01389900036156178 0.0005159999709576368 0.001933000050485134 
0.01389900036156178 -0.0005159999709576368 -0.001933000050485134 
0.01389900036156178 -0.00173200003337115 -0.001001999946311116 
0.01389999967068434 0.001933000050485134 -0.0005159999709576368 
0.01389299985021353 0.0007440000190399587 -0.001890999963507056 
0.01389900036156178 0.00173200003337115 0.001001999946311116 
0.01240000035613775 -0.001201999955810606 -0.001597999944351614 
0.01240000035613775 -0.001979999942705035 -0.0002800000074785203 
0.01240000035613775 -0.001597999944351614 0.001201999955810606 
0.01240000035613775 -0.0002800000074785203 0.001979999942705035 
0.01240000035613775 0.001201999955810606 0.001597999944351614 
0.01240000035613775 0.001979999942705035 0.0002800000074785203 
0.01240000035613775 0.001597999944351614 -0.001201999955810606 
-0.009600000455975533 -0.001936999964527786 0.0004990000161342323 
-0.009600000455975533 -0.001979999942705035 -0.0002800000074785203 
-0.009600000455975533 -0.00172299996484071 -0.001016000052914023 
-0.009600000455975533 -0.001201999955810606 -0.001597999944351614 
-0.009600000455975533 -0.0004990000161342323 -0.001936999964527786 
-0.009600000455975533 0.0002800000074785203 -0.001979999942705035 
-0.009600000455975533 0.001016000052914023 -0.00172299996484071 
-0.009600000455975533 0.001597999944351614 -0.001201999955810606 
-0.009600000455975533 0.001936999964527786 -0.0004990000161342323 
-0.009600000455975533 0.001979999942705035 0.0002800000074785203 
-0.009600000455975533 0.00172299996484071 0.001016000052914023 
-0.009600000455975533 0.001201999955810606 0.001597999944351614 
-0.009600000455975533 0.0004990000161342323 0.001936999964527786 
-0.009600000455975533 -0.0002800000074785203 0.001979999942705035 
-0.009600000455975533 -0.001016000052914023 0.00172299996484071 
-0.009600000455975533 -0.001597999944351614 0.001201999955810606 
0.01641800068318844 0.04456000030040741 -0.06457900255918503 
0.01636200025677681 0.04687999933958054 -0.06417600065469742 
0.01641199924051762 0.04721599817276001 -0.0664760023355484 
0.01651399955153465 0.04494599997997284 -0.0669889971613884 
0.02142800018191338 0.04533899948000908 -0.06410899758338928 
0.02221300080418587 0.04720300063490868 -0.06476300209760666 
0.02224300056695938 0.04692700132727623 -0.06672599911689758 
0.02255900017917156 0.04449500143527985 -0.06639599800109863 
0.047410998493433 0.04569600149989128 -0.06600400060415268 
0.04731199890375137 0.04656999930739403 -0.06200800091028214 
0.04738499969244003 0.04231400042772293 -0.06427200138568878 
0.04734500125050545 0.04749000072479248 -0.06860300153493881 
0.04696200042963028 0.04436299949884415 -0.06891299784183502 
0.04736699908971786 0.04907799884676933 -0.06431499868631363 
0.04604500159621239 0.04964699968695641 -0.06697499752044678 
0.04583799839019775 0.04379700124263763 -0.06225999817252159 
0.04589999839663506 0.04813899844884872 -0.06280799955129623 
0.04589400067925453 0.04244399815797806 -0.06659600138664246 
0.0459039993584156 0.04788599908351898 -0.06553599983453751 
0.04589800164103508 0.04728300124406815 -0.06696200370788574 
0.04589900001883507 0.04405400156974792 -0.06472799926996231 
0.04589900001883507 0.045159000903368 -0.06366799771785736 
0.04590100049972534 0.04669699817895889 -0.06370200216770172 
0.04589900001883507 0.04402200132608414 -0.0662589967250824 
0.04589900001883507 0.04508199915289879 -0.06736399978399277 
0.04590199887752533 0.04661700129508972 -0.06739500164985657 
0.04439999908208847 0.04448999837040901 -0.0640999972820282 
0.04439999908208847 0.04591099917888641 -0.06353200227022171 
0.04403200000524521 0.04754199832677841 -0.06435500085353851 
0.04439999908208847 0.04772400110960007 -0.06632100045681 
0.04439999908208847 0.04586099833250046 -0.0675320029258728 
0.04439999908208847 0.04445400089025497 -0.06692799925804138 
0.04439999908208847 0.04388599842786789 -0.06550700217485428 
0.02239999920129776 0.0473180003464222 -0.06413599848747253 
0.02239999920129776 0.04667500033974648 -0.06369400024414062 
0.02239999920129776 0.04591099917888641 -0.06353200227022171 
0.02239999920129776 0.04514399915933609 -0.06367500126361847 
0.02239999920129776 0.04448999837040901 -0.0640999972820282 
0.02239999920129776 0.0440480001270771 -0.0647440031170845 
0.02239999920129776 0.04388599842786789 -0.06550700217485428 
0.02239999920129776 0.04402900114655495 -0.0662740021944046 
0.02239999920129776 0.04445400089025497 -0.06692799925804138 
0.02239999920129776 0.04509799927473068 -0.06736999750137329 
0.02239999920129776 0.04586099833250046 -0.0675320029258728 
0.02239999920129776 0.04662799835205078 -0.06738899648189545 
0.02239999920129776 0.04728199914097786 -0.06696400046348572 
0.02239999920129776 0.04772400110960007 -0.06632100045681 
0.02239999920129776 0.04788599908351898 -0.06555700302124023 
0.02239999920129776 0.04774300009012222 -0.06479000300168991 
3 189 188 350 
3 185 411 302 
3 70 506 72 
3 43 42 49 
3 44 43 49 
3 350 384 21 
3 384 188 21 
3 188 384 350 
3 2 23 21 
3 188 187 186 
3 189 187 188 
3 257 350 40 
3 189 257 40 
3 257 189 350 
3 81 185 79 
3 185 81 411 
3 81 34 411 
3 59 81 79 
3 305 307 162 
3 305 306 307 
3 34 409 411 
3 409 34 36 
3 411 409 49 
3 409 44 49 
3 191 196 505 
3 196 503 505 
3 503 506 505 
3 505 507 68 
3 506 507 505 
3 507 70 68 
3 507 506 70 
3 64 505 68 
3 59 64 68 
3 64 59 505 
3 80 59 79 
3 308 411 49 
3 308 306 411 
3 388 42 40 
3 42 48 49 
3 388 48 42 
3 350 25 40 
3 386 350 21 
3 23 386 21 
3 509 39 72 
3 509 91 96 
3 506 509 72 
3 91 351 96 
3 187 351 91 
3 351 371 96 
3 60 59 68 
3 81 60 34 
3 57 77 75 
3 77 169 75 
3 304 305 302 
3 305 304 306 
3 411 304 302 
3 306 304 411 
3 140 35 68 
3 34 35 36 
3 35 140 36 
3 70 69 68 
3 69 111 68 
3 111 69 36 
3 69 37 36 
3 37 69 70 
3 109 140 68 
3 111 109 68 
3 47 351 43 
3 351 47 371 
3 47 43 44 
3 409 47 44 
3 37 38 36 
3 39 38 72 
3 38 37 70 
3 188 190 21 
3 194 503 196 
3 503 194 506 
3 187 194 186 
3 74 56 75 
3 80 58 59 
3 58 57 59 
3 58 77 57 
3 58 80 79 
3 77 58 79 
3 307 15 162 
3 48 15 49 
3 15 308 49 
3 306 15 307 
3 308 15 306 
3 387 388 2 
3 387 48 388 
3 387 15 48 
3 388 389 2 
3 389 388 40 
3 25 389 40 
3 389 4 2 
3 4 389 25 
3 52 25 350 
3 386 52 350 
3 52 386 23 
3 95 509 96 
3 509 95 39 
3 371 95 96 
3 95 38 39 
3 38 95 371 
3 342 187 91 
3 509 342 91 
3 342 194 187 
3 342 509 506 
3 194 342 506 
3 259 187 189 
3 259 351 187 
3 82 81 59 
3 60 82 59 
3 82 60 81 
3 67 60 68 
3 60 67 34 
3 35 67 68 
3 67 35 34 
3 303 305 162 
3 305 303 302 
3 166 303 162 
3 169 166 75 
3 113 70 72 
3 38 113 72 
3 113 38 70 
3 410 47 409 
3 410 409 36 
3 38 410 36 
3 47 410 371 
3 410 38 371 
3 7 190 191 
3 190 7 21 
3 191 195 196 
3 195 194 196 
3 76 57 75 
3 56 76 75 
3 76 56 57 
3 323 191 505 
3 323 7 191 
3 7 323 325 
3 15 13 162 
3 7 13 15 
3 0 387 2 
3 387 0 15 
3 151 52 23 
3 41 259 189 
3 41 189 40 
3 42 41 40 
3 43 41 42 
3 351 41 43 
3 185 301 79 
3 301 185 302 
3 303 301 302 
3 301 166 169 
3 166 301 303 
3 301 77 79 
3 301 169 77 
3 167 166 74 
3 167 74 75 
3 166 167 75 
3 57 458 59 
3 458 322 59 
3 322 316 59 
3 316 322 318 
3 316 318 505 
3 1 2 21 
3 0 1 21 
3 1 0 2 
3 7 9 21 
3 9 0 21 
3 150 4 25 
3 259 231 351 
3 231 41 351 
3 41 231 259 
3 168 458 57 
3 59 456 505 
3 456 316 505 
3 316 456 59 
3 320 321 325 
3 322 321 318 
3 321 320 318 
3 323 324 325 
3 324 320 325 
3 12 13 7 
3 0 5 15 
3 9 5 0 
3 5 7 15 
3 5 9 7 
3 168 165 322 
3 321 165 325 
3 165 321 322 
3 165 7 325 
3 165 6 7 
3 165 168 6 
3 458 315 322 
3 315 168 322 
3 168 315 458 
3 168 157 6 
3 56 157 57 
3 157 168 57 
3 319 324 323 
3 324 319 320 
3 320 319 318 
3 318 319 505 
3 319 323 505 
3 6 10 7 
3 10 12 7 
3 109 111 36 
3 140 109 36 
3 4 23 2 
3 190 195 191 
3 195 188 186 
3 195 190 188 
3 194 195 186 
3 151 150 52 
3 52 150 25 
3 4 150 23 
3 150 151 23 
3 157 56 74 
3 10 157 74 
3 13 10 162 
3 166 10 74 
3 157 10 6 
3 10 166 162 
3 12 10 13 
Vertices and facets:
- p189(v22): 0.047 0.062 -0.038
  neighbors: f79 f169 f177 f178 f411 f480 f482
- p188(v20): 0.047  0.06 -0.035
  neighbors: f79 f157 f158 f168 f169 f344 f584 f585
- p350(v12): 0.047 0.061 -0.035
  neighbors: f79 f156 f158 f176 f178 f263 f272 f398 f399
- p185(v23): -0.037 0.013 -0.0036
  neighbors: f83 f179 f180 f486 f487
- p411(v13): -0.047 0.042 -0.065
  neighbors: f83 f180 f181 f195 f198 f251 f252 f312 f313
- p302(v7): -0.04 0.016 -0.0034
  neighbors: f83 f310 f312 f423 f487 f488
- p506(v31): 0.047 0.047 -0.069
  neighbors: f119 f222 f226 f228 f279 f350 f409 f410
- p70(v27): 0.046 0.047 -0.069
  neighbors: f119 f227 f228 f318 f322 f335 f431 f433
- p72(v14): 0.046  0.05 -0.067
  neighbors: f119 f275 f279 f334 f431 f432
- p43(v37): -0.047  0.06 -0.043
  neighbors: f152 f153 f327 f329 f484 f485
- p42(v18): -0.047  0.06 -0.035
  neighbors: f152 f255 f258 f261 f483 f484
- p49(v0): -0.048  0.03 -0.0047
  neighbors: f152 f153 f198 f199 f251 f258 f378 f380
- p44(v26): -0.047 0.045 -0.061
  neighbors: f153 f199 f329 f330
- p384(v38): 0.047 0.059 -0.033
  neighbors: f156 f157 f158
- p21(v5): 0.047 0.034 0.0022
  neighbors: f156 f157 f161 f272 f273 f344 f447 f516 f517 f519 f520
- p23(v39): 0.047 0.037 -0.00026
  neighbors: f161 f273 f400 f478 f580 f593 f595
- p2(v36): -0.047 0.036 0.0012
  neighbors: f161 f385 f389 f395 f472 f516 f518 f580
- p187(v41): 0.047 0.061 -0.041
  neighbors: f168 f169 f282 f351 f406 f408 f411 f413
- p186(v1): 0.047  0.06 -0.043
  neighbors: f168 f351 f584 f586
- p257(v42): 0.041 0.061 -0.036
  neighbors: f176 f177 f178
- p40(v6): -0.047 0.061 -0.036
  neighbors: f176 f177 f255 f263 f391 f392 f482 f483
- p81(v43): -0.015 -0.0035 -0.002
  neighbors: f179 f180 f181 f182 f295 f414 f416
- p79(v2): -0.015 -0.004     0
  neighbors: f179 f182 f235 f362 f363 f486 f491
- p34(v24): -0.046 0.043 -0.069
  neighbors: f181 f195 f196 f295 f316 f418 f420
- p59(v32): 0.014 -0.0039 -0.0013
  neighbors: f182 f230 f231 f235 f292 f359 f360 f414 f415 f496 f497 f500 f537 f539
- p305(v44): -0.043  0.02 0.0035
  neighbors: f185 f191 f310 f311 f421 f423
- p307(v17): -0.045 0.024 0.0036
  neighbors: f185 f191 f375 f383
- p162(v9): -0.043 0.022 0.004
  neighbors: f185 f375 f421 f427 f468 f601 f604
- p306(v35): -0.046 0.024 -0.0033
  neighbors: f191 f252 f311 f313 f383 f384
- p409(v46): -0.047 0.044 -0.069
  neighbors: f195 f196 f198 f199 f330 f434 f435
- p36(v3): -0.046 0.046 -0.07
  neighbors: f196 f316 f317 f320 f321 f332 f435 f436 f576 f577
- p191(v50): 0.047  0.03 -0.0047
  neighbors: f215 f446 f457 f464 f465 f583
- p196(v30): 0.047 0.045 -0.061
  neighbors: f215 f221 f349 f457 f458
- p505(v15): 0.047 0.042 -0.064
  neighbors: f215 f221 f222 f225 f226 f229 f231 f464 f503 f537 f538 f571 f572
- p503(v51): 0.047 0.046 -0.066
  neighbors: f221 f222 f349 f350
- p507(v52): 0.047 0.044 -0.069
  neighbors: f225 f226 f227 f228
- p68(v8): 0.046 0.043 -0.069
  neighbors: f225 f227 f229 f230 f292 f315 f318 f319 f323 f324 f417 f419
- p64(v53): 0.046 0.042 -0.065
  neighbors: f229 f230 f231
- p80(v55): -0.008 -0.004     0
  neighbors: f235 f359 f362
- p308(v58): -0.047 0.027 -0.0038
  neighbors: f251 f252 f380 f384
- p388(v59): -0.047 0.059 -0.033
  neighbors: f255 f261 f385 f386 f389 f391
- p48(v60): -0.047 0.036 -0.00084
  neighbors: f258 f261 f378 f386 f388
- p25(v61): -0.047  0.06 -0.033
  neighbors: f263 f392 f396 f398 f523 f590
- p386(v63): 0.047 0.037 -0.00034
  neighbors: f272 f273 f399 f400
- p509(v64): 0.046  0.05 -0.067
  neighbors: f275 f277 f279 f401 f402 f407 f409
- p39(v29): -0.041  0.05 -0.067
  neighbors: f275 f334 f402 f404
- p91(v40): 0.047 0.061 -0.043
  neighbors: f277 f281 f282 f406 f407
- p96(v11): -0.047 0.061 -0.043
  neighbors: f277 f281 f287 f401 f403
- p351(v65): -0.047 0.061 -0.041
  neighbors: f281 f282 f287 f327 f328 f413 f485 f526 f527
- p371(v48): -0.047 0.051 -0.064
  neighbors: f287 f328 f403 f405 f437 f438
- p60(v67): 0.008 -0.0031 -0.0027
  neighbors: f292 f295 f415 f416 f417 f418
- p77(v68): -0.015 -0.0035 0.0019
  neighbors: f299 f305 f361 f363 f491 f492
- p57(v56): 0.014 -0.003 0.0027
  neighbors: f299 f360 f361 f459 f461 f496 f531 f566 f567
- p75(v33): -0.015 -0.002 0.0035
  neighbors: f299 f305 f356 f430 f459 f460 f494 f495
- p169(v69): -0.033  0.01 0.0036
  neighbors: f305 f430 f489 f492
- p304(v70): -0.043  0.02 -0.0036
  neighbors: f310 f311 f312 f313
- p35(v71): -0.041 0.043 -0.069
  neighbors: f315 f316 f317 f419 f420
- p140(v45): -0.023 0.044 -0.069
  neighbors: f315 f317 f323 f577
- p69(v72): 0.041 0.047 -0.069
  neighbors: f318 f319 f320 f321 f322
- p111(v47): 0.023 0.046 -0.07
  neighbors: f319 f320 f324 f576
- p37(v49): -0.04 0.047 -0.069
  neighbors: f321 f322 f332 f335
- p109(v73): 0.023 0.044 -0.069
  neighbors: f323 f324 f576 f577
- p47(v74): -0.047 0.051 -0.063
  neighbors: f327 f328 f329 f330 f434 f437
- p38(v75): -0.046 0.049 -0.069
  neighbors: f332 f334 f335 f404 f405 f432 f433 f436 f438
- p190(v77): 0.047 0.036 -0.00084
  neighbors: f344 f446 f447 f583 f585
- p194(v78): 0.047  0.05 -0.064
  neighbors: f349 f350 f351 f408 f410 f458 f586
- p56(v79): 0.008 -0.0018 0.0036
  neighbors: f356 f460 f461 f566 f599
- p74(v54): -0.015     0 0.004
  neighbors: f356 f493 f494 f599 f600 f602
- p58(v80): 0.008 -0.0039 0.0013
  neighbors: f359 f360 f361 f362 f363
- p15(v83): -0.047 0.029 0.0039
  neighbors: f375 f378 f380 f383 f384 f388 f468 f470 f473 f550 f552
- p387(v84): -0.047 0.036 -0.00055
  neighbors: f385 f386 f388 f472 f473
- p389(v85): -0.047  0.06 -0.033
  neighbors: f389 f391 f392 f395 f396
- p4(v86): -0.047 0.037 -0.00026
  neighbors: f395 f396 f523 f580 f593
- p52(v87): 0.047  0.06 -0.033
  neighbors: f398 f399 f400 f478 f589 f590
- p95(v88): -0.046 0.051 -0.065
  neighbors: f401 f402 f403 f404 f405
- p342(v89): 0.047 0.051 -0.064
  neighbors: f406 f407 f408 f409 f410
- p259(v90): 0.041 0.062 -0.04
  neighbors: f411 f413 f480 f526 f528
- p82(v91): -0.008 -0.0035 -0.002
  neighbors: f414 f415 f416
- p67(v92): 0.041 0.043 -0.069
  neighbors: f417 f418 f419 f420
- p303(v93): -0.04 0.016 0.0035
  neighbors: f421 f423 f427 f488 f490
- p166(v94): -0.036 0.014 0.004
  neighbors: f427 f430 f489 f490 f493 f495 f602 f604
- p113(v95): 0.023 0.048 -0.069
  neighbors: f431 f432 f433
- p410(v96): -0.047 0.048 -0.069
  neighbors: f434 f435 f436 f437 f438
- p7(v99): 0.047  0.03 0.004
  neighbors: f446 f447 f465 f466 f470 f519 f548 f552 f553 f557 f558 f574 f575
- p195(v100): 0.047 0.049 -0.061
  neighbors: f457 f458 f583 f584 f585 f586
- p76(v101): -0.008 -0.002 0.0035
  neighbors: f459 f460 f461
- p323(v102): 0.046 0.025 -0.0036
  neighbors: f464 f465 f466 f544 f568 f572
- p325(v81): 0.046 0.025 0.0026
  neighbors: f466 f541 f544 f545 f555 f557
- p13(v103): -0.046 0.029 0.004
  neighbors: f468 f470 f548 f601 f605
- p0(v104): -0.047 0.033 0.0031
  neighbors: f472 f473 f517 f518 f520 f550 f551
- p151(v105): 0.016 0.039 -0.0034
  neighbors: f478 f589 f595
- p41(v106): -0.047 0.062 -0.039
  neighbors: f480 f482 f483 f484 f485 f527 f528
- p301(v107): -0.037 0.013 0.0034
  neighbors: f486 f487 f488 f489 f490 f491 f492
- p167(v108): -0.029 0.0086 0.004
  neighbors: f493 f494 f495
- p458(v109): 0.015 -0.0027 0.0024
  neighbors: f496 f497 f531 f560 f562
- p322(v98): 0.037 0.013 0.0005
  neighbors: f497 f500 f501 f542 f554 f556 f560 f561
- p316(v110): 0.035 0.012 -0.0035
  neighbors: f500 f501 f503 f538 f539
- p318(v76):  0.04 0.016 -0.0035
  neighbors: f501 f503 f542 f543 f570 f571
- p1(v113): -0.041 0.035 0.002
  neighbors: f516 f517 f518
- p9(v114): 0.041 0.032 0.0035
  neighbors: f519 f520 f551 f553
- p150(v115): -0.016 0.039 -0.0034
  neighbors: f523 f589 f590 f593 f595
- p231(v116): -0.041 0.062 -0.04
  neighbors: f526 f527 f528
- p168(v117): 0.025 0.0073 0.004
  neighbors: f531 f554 f559 f561 f562 f564 f567
- p456(v118): 0.015 -0.0028 -0.0016
  neighbors: f537 f538 f539
- p321(v119):  0.04 0.016 0.00048
  neighbors: f541 f542 f543 f555 f556
- p320(v111): 0.043 0.019 0.00083
  neighbors: f541 f543 f545 f569 f570
- p324(v120): 0.044 0.022 0.0015
  neighbors: f544 f545 f568 f569
- p12(v121): -0.023 0.029 0.004
  neighbors: f548 f575 f605
- p5(v122): -0.041 0.032 0.0035
  neighbors: f550 f551 f552 f553
- p165(v123): 0.047 0.028 0.004
  neighbors: f554 f555 f556 f557 f558 f559
- p6(v112): 0.047 0.029 0.004
  neighbors: f558 f559 f564 f574 f603
- p315(v124): 0.025 0.0067 0.0031
  neighbors: f560 f561 f562
- p157(v125): 0.014     0 0.004
  neighbors: f564 f566 f567 f599 f600 f603
- p319(v126): 0.043  0.02 -0.0036
  neighbors: f568 f569 f570 f571 f572
- p10(v127): 0.023 0.029 0.004
  neighbors: f574 f575 f600 f601 f602 f603 f604 f605
- f79
    - flags: top simplicial
    - normal:    0.9239   0.3634     0.12
    - offset: -0.06135448
    - center: 0.04720833276708921 0.06063933297991753 -0.03578833366433779 
    - vertices: p189(v22) p188(v20) p350(v12)
    - neighboring facets: f158 f178 f169
- f83
    - flags: top simplicial
    - normal:   -0.6887  -0.6926  -0.2142
    - offset: -0.01716612
    - center: -0.04149466628829638 0.02393233310431242 -0.02410800126381218 
    - vertices: p185(v23) p411(v13) p302(v7)
    - neighboring facets: f312 f487 f180
- f119
    - flags: bottom simplicial
    - normal:    0.3225   0.6801  -0.6584
    - offset: -0.09273243
    - center: 0.04638166601459184 0.04816166684031485 -0.06838099906841913 
    - vertices: p506(v31) p70(v27) p72(v14)
    - neighboring facets: f431 f279 f228
    - ridges:
- f152
    - flags: top simplicial
    - normal:        -1 7.002e-05 2.82e-06
    - offset: -0.04750407
    - vertices: p43(v37) p42(v18) p49(v0)
    - neighboring facets: f258 f153 f484
- f153
    - flags: bottom simplicial
    - normal:        -1 -2.074e-06 -5.429e-05
    - offset: -0.04750219
    - vertices: p43(v37) p44(v26) p49(v0)
    - neighboring facets: f199 f152 f329
- f156
    - flags: bottom simplicial
    - normal:    0.7137   0.5748   0.4002
    - offset: -0.05458452
    - vertices: p384(v38) p350(v12) p21(v5)
    - neighboring facets: f272 f157 f158
- f157
    - flags: top simplicial
    - normal:    0.9749   0.1839   0.1256
    - offset: -0.05290748
    - center: 0.04744999979933102 0.05114466696977615 -0.02196033291208247 
    - vertices: p384(v38) p188(v20) p21(v5)
    - neighboring facets: f344 f156 f158
- f158
    - flags: bottom simplicial
    - normal:    0.9227   0.3639   0.1269
    - offset: -0.06109407
    - vertices: p384(v38) p188(v20) p350(v12)
    - neighboring facets: f79 f156 f157
- f161
    - flags: bottom simplicial seen
    - normal:  0.001173   0.7247    0.689
    - offset: -0.02654859
    - center: 0.01564600070317586 0.03562833244601885 0.001029333381059891 
    - vertices: p23(v39) p2(v36) p21(v5)
    - neighboring facets: f516 f273 f580
    - ridges:
- f168
    - flags: bottom simplicial tested seen
    - normal:     0.992   0.1263 0.005088
    - offset: -0.05445856
    - center: 0.04742866630355518 0.06025666619340578 -0.03943933298190435 
    - vertices: p187(v41) p188(v20) p186(v1)
    - neighboring facets: f584 f351 f169
    - ridges:
- f169
    - flags: bottom simplicial tested
    - normal:     0.968   0.2474  0.04248
    - offset: -0.05922845
    - center: 0.04729633281628291 0.06086166575551033 -0.0378690001865228 
    - vertices: p187(v41) p189(v22) p188(v20)
    - neighboring facets: f79 f168 f411
- f176
    - flags: top simplicial
    - normal:  0.001255   0.9445   0.3286
    - offset: -0.04603629
    - vertices: p257(v42) p350(v12) p40(v6)
    - neighboring facets: f263 f177 f178
- f177
    - flags: bottom simplicial
    - normal:  0.0009829   0.9824   0.1868
    - offset: -0.05350416
    - vertices: p257(v42) p189(v22) p40(v6)
    - neighboring facets: f482 f176 f178
- f178
    - flags: top simplicial
    - normal:   0.02004   0.9658   0.2585
    - offset: -0.05064992
    - vertices: p257(v42) p189(v22) p350(v12)
    - neighboring facets: f79 f176 f177
- f179
    - flags: top simplicial
    - normal:    -0.587   -0.782  -0.2096
    - offset: -0.01222644
    - center: -0.02264133344093959 0.00186399983552595 -0.001878333355610569 
    - vertices: p81(v43) p185(v23) p79(v2)
    - neighboring facets: f486 f182 f180
- f180
    - flags: bottom simplicial
    - normal:   -0.5747  -0.7721  -0.2713
    - offset: -0.01212448
    - vertices: p81(v43) p185(v23) p411(v13)
    - neighboring facets: f83 f181 f179
- f181
    - flags: top simplicial
    - normal:   -0.4598  -0.8125  -0.3584
    - offset: -0.01065866
    - vertices: p81(v43) p34(v24) p411(v13)
    - neighboring facets: f195 f180 f295
- f182
    - flags: bottom simplicial
    - normal:  -0.008123  -0.9659  -0.2589
    - offset: -0.003989432
    - vertices: p81(v43) p59(v32) p79(v2)
    - neighboring facets: f235 f179 f414
- f185
    - flags: top simplicial
    - normal:   -0.3255  -0.2184     0.92
    - offset: -0.01286074
    - center: -0.043699000030756 0.02181200000147025 0.003695333376526832 
    - vertices: p305(v44) p307(v17) p162(v9)
    - neighboring facets: f375 f421 f191
- f191
    - flags: top simplicial
    - normal:   -0.8687  -0.4953 -0.0003576
    - offset: -0.02754103
    - center: -0.04469299937287966 0.02278100016216437 0.00127166664848725 
    - vertices: p305(v44) p306(v35) p307(v17)
    - neighboring facets: f383 f185 f311
- f195
    - flags: bottom simplicial
    - normal:   -0.4999  -0.7831    -0.37
    - offset: -0.01456437
    - vertices: p409(v46) p34(v24) p411(v13)
    - neighboring facets: f181 f198 f196
- f196
    - flags: top simplicial
    - normal:   -0.0505  -0.2957  -0.9539
    - offset: -0.0549593
    - center: -0.04638466611504555 0.04448666671911875 -0.06894933432340622 
    - vertices: p409(v46) p34(v24) p36(v3)
    - neighboring facets: f316 f435 f195
- f198
    - flags: bottom simplicial
    - normal:   -0.9985 -0.05372 -0.01439
    - offset: -0.0458994
    - vertices: p409(v46) p411(v13) p49(v0)
    - neighboring facets: f251 f199 f195
- f199
    - flags: top simplicial
    - normal:   -0.9985 -0.05366 -0.01438
    - offset: -0.0459013
    - vertices: p409(v46) p44(v26) p49(v0)
    - neighboring facets: f153 f198 f330
- f215
    - flags: top simplicial
    - normal:    0.9993 -0.03488 -0.009325
    - offset: -0.04647765
    - center: 0.04746066654721896 0.03884766685465971 -0.04319833420837919 
    - vertices: p191(v50) p196(v30) p505(v15)
    - neighboring facets: f221 f464 f457
- f221
    - flags: bottom simplicial
    - normal:    0.9996 -0.01776 -0.01968
    - offset: -0.04788155
    - center: 0.04743099957704545 0.04418300092220306 -0.06362233435114224 
    - vertices: p503(v51) p196(v30) p505(v15)
    - neighboring facets: f215 f222 f349
- f222
    - flags: top simplicial
    - normal:    0.9984 -0.03195 -0.04741
    - offset: -0.04900243
    - center: 0.04738033314545949 0.04516666755080223 -0.06629300117492676 
    - vertices: p503(v51) p506(v31) p505(v15)
    - neighboring facets: f226 f221 f350
- f225
    - flags: bottom simplicial
    - normal:    0.5927  -0.7154  -0.3699
    - offset: -0.02158674
    - vertices: p507(v52) p505(v15) p68(v8)
    - neighboring facets: f229 f227 f226
- f226
    - flags: bottom simplicial
    - normal:    0.9848   -0.107   -0.137
    - offset: -0.05094028
    - vertices: p507(v52) p506(v31) p505(v15)
    - neighboring facets: f222 f225 f228
- f227
    - flags: top simplicial
    - normal:    0.1333 -0.08249  -0.9876
    - offset: -0.07066073
    - center: 0.04623933260639509 0.04511099929610888 -0.06907299906015398 
    - vertices: p507(v52) p70(v27) p68(v8)
    - neighboring facets: f318 f225 f228
- f228
    - flags: top simplicial
    - normal:    0.4426  0.03462   -0.896
    - offset: -0.08407079
    - vertices: p507(v52) p506(v31) p70(v27)
    - neighboring facets: f119 f227 f226
- f229
    - flags: top simplicial
    - normal:     0.545  -0.7551  -0.3643
    - offset: -0.01728668
    - vertices: p64(v53) p505(v15) p68(v8)
    - neighboring facets: f225 f230 f231
- f230
    - flags: bottom simplicial
    - normal:    0.3852  -0.8316  -0.4001
    - offset: -0.009108892
    - vertices: p64(v53) p59(v32) p68(v8)
    - neighboring facets: f292 f229 f231
- f231
    - flags: top simplicial
    - normal:    0.5174  -0.7976  -0.3101
    - offset: -0.01069943
    - vertices: p64(v53) p59(v32) p505(v15)
    - neighboring facets: f537 f229 f230
- f235
    - flags: top simplicial
    - normal:        -0  -0.9974 -0.07192
    - offset: -0.003989642
    - vertices: p80(v55) p59(v32) p79(v2)
    - neighboring facets: f182 f362 f359
- f251
    - flags: top simplicial
    - normal:    -0.947  -0.3137 -0.06886
    - offset: -0.03598633
    - center: -0.04719933370749156 0.03317999963959058 -0.02461866793843607 
    - vertices: p308(v58) p411(v13) p49(v0)
    - neighboring facets: f198 f380 f252
- f252
    - flags: top simplicial
    - normal:   -0.9227  -0.3762 -0.08443
    - offset: -0.03319551
    - center: -0.04658566663662593 0.03143133347233137 -0.02413233454960088 
    - vertices: p308(v58) p306(v35) p411(v13)
    - neighboring facets: f313 f251 f384
- f255
    - flags: top simplicial
    - normal:   -0.9377   0.3234    0.127
    - offset: -0.05939241
    - vertices: p388(v59) p42(v18) p40(v6)
    - neighboring facets: f483 f391 f261
- f258
    - flags: bottom simplicial
    - normal:        -1 0.000223 0.0001553
    - offset: -0.04750789
    - center: -0.04750066623091698 0.0417393334209919 -0.01338499990136673 
    - vertices: p48(v60) p42(v18) p49(v0)
    - neighboring facets: f152 f378 f261
- f261
    - flags: bottom simplicial
    - normal:   -0.9756   0.1802   0.1255
    - offset: -0.05271952
    - vertices: p48(v60) p388(v59) p42(v18)
    - neighboring facets: f255 f258 f386
- f263
    - flags: bottom simplicial
    - normal:  -0.0009974   0.8898   0.4563
    - offset: -0.03816698
    - center: -0.0155136672159036 0.06067366649707159 -0.03470199927687645 
    - vertices: p25(v61) p350(v12) p40(v6)
    - neighboring facets: f176 f392 f398
- f272
    - flags: top simplicial
    - normal:    0.6079   0.6504   0.4554
    - offset: -0.05228795
    - center: 0.04716866587599119 0.04398366684714954 -0.0109719999503189 
    - vertices: p386(v63) p350(v12) p21(v5)
    - neighboring facets: f156 f273 f399
- f273
    - flags: bottom simplicial
    - normal:    0.2573   0.7496   0.6098
    - offset: -0.03939756
    - center: 0.04699466625849406 0.03599533314506213 0.0005263333635715168 
    - vertices: p386(v63) p23(v39) p21(v5)
    - neighboring facets: f161 f272 f400
- f275
    - flags: top simplicial tested
    - normal:         0   0.8768  -0.4808
    - offset: -0.07573478
    - center: 0.01714833329121272 0.04955633357167243 -0.06714033087094624 
    - vertices: p509(v64) p39(v29) p72(v14)
    - neighboring facets: f334 f279 f402
    - ridges:
- f277
    - flags: top simplicial tested
    - normal:         0   0.9066   -0.422
    - offset: -0.07327238
    - center: 0.01534833386540413 0.05703899885217349 -0.05109366526206335 
    - vertices: p509(v64) p91(v40) p96(v11)
    - neighboring facets: f281 f401 f407
- f279
    - flags: bottom simplicial tested
    - normal:    0.3889   0.6928  -0.6073
    - offset: -0.09297573
    - center: 0.04643000041445096 0.04888266697525977 -0.06760033220052718 
    - vertices: p509(v64) p506(v31) p72(v14)
    - neighboring facets: f119 f275 f409
- f281
    - flags: bottom simplicial
    - normal:        -0   0.9466  -0.3225
    - offset: -0.07140579
    - vertices: p351(v65) p91(v40) p96(v11)
    - neighboring facets: f277 f287 f282
- f282
    - flags: bottom simplicial
    - normal:  0.0002692   0.9503  -0.3114
    - offset: -0.0711658
    - vertices: p351(v65) p187(v41) p91(v40)
    - neighboring facets: f406 f281 f413
- f287
    - flags: top simplicial
    - normal:    -0.332   0.8556  -0.3971
    - offset: -0.08453924
    - vertices: p351(v65) p371(v48) p96(v11)
    - neighboring facets: f403 f281 f328
- f292
    - flags: top simplicial
    - normal:   0.02418  -0.8244  -0.5655
    - offset: -0.004272213
    - vertices: p60(v67) p59(v32) p68(v8)
    - neighboring facets: f230 f417 f415
- f295
    - flags: bottom simplicial
    - normal:  -0.004195  -0.8203   -0.572
    - offset: -0.004050358
    - vertices: p60(v67) p81(v43) p34(v24)
    - neighboring facets: f181 f418 f416
- f299
    - flags: bottom simplicial
    - normal:  -0.008022  -0.7105   0.7036
    - offset: -0.003982709
    - center: -0.005695999910434087 -0.002854666672647 0.002712666677931945 
    - vertices: p77(v68) p57(v56) p75(v33)
    - neighboring facets: f459 f305 f361
- f305
    - flags: bottom simplicial tested
    - normal:    -0.441  -0.6377   0.6315
    - offset: -0.01029873
    - center: -0.02140033369263013 0.001602333271875976 0.002981333372493587 
    - vertices: p169(v69) p77(v68) p75(v33)
    - neighboring facets: f299 f430 f492
- f310
    - flags: top simplicial
    - normal:   -0.7911  -0.6117 8.294e-05
    - offset: -0.02187404
    - vertices: p304(v70) p305(v44) p302(v7)
    - neighboring facets: f423 f312 f311
- f311
    - flags: bottom simplicial
    - normal:   -0.8685  -0.4957 -0.0007059
    - offset: -0.02752231
    - vertices: p304(v70) p305(v44) p306(v35)
    - neighboring facets: f191 f313 f310
- f312
    - flags: bottom simplicial
    - normal:   -0.7758  -0.6081  -0.1685
    - offset: -0.02188979
    - vertices: p304(v70) p411(v13) p302(v7)
    - neighboring facets: f83 f310 f313
- f313
    - flags: bottom simplicial
    - normal:   -0.8659  -0.4861  -0.1178
    - offset: -0.02802331
    - vertices: p304(v70) p306(v35) p411(v13)
    - neighboring facets: f252 f312 f311
- f315
    - flags: bottom simplicial
    - normal:  -0.001248  -0.3441  -0.9389
    - offset: -0.04975588
    - center: -0.006066333502531052 0.04366433247923852 -0.06898533304532367 
    - vertices: p35(v71) p140(v45) p68(v8)
    - neighboring facets: f323 f419 f317
- f316
    - flags: bottom simplicial
    - normal:  -0.03563  -0.2959  -0.9545
    - offset: -0.05431038
    - vertices: p35(v71) p34(v24) p36(v3)
    - neighboring facets: f196 f317 f420
- f317
    - flags: top simplicial seen
    - normal:  -0.006902  -0.2469   -0.969
    - offset: -0.05626341
    - center: -0.03665166596571604 0.04458066572745641 -0.06916133314371109 
    - vertices: p35(v71) p140(v45) p36(v3)
    - neighboring facets: f577 f316 f315
    - ridges:
- f318
    - flags: bottom simplicial tested
    - normal:   0.03192 -0.08207  -0.9961
    - offset: -0.06661579
    - center: 0.04408533250292142 0.04602166637778282 -0.06925466656684874 
    - vertices: p69(v72) p70(v27) p68(v8)
    - neighboring facets: f227 f319 f322
- f319
    - flags: top simplicial tested
    - normal:  0.009281  -0.1153  -0.9933
    - offset: -0.06393717
    - center: 0.03661866610248884 0.04560533290108045 -0.06932133436203004 
    - vertices: p69(v72) p111(v47) p68(v8)
    - neighboring facets: f324 f318 f320
- f320
    - flags: bottom simplicial tested seen
    - normal:        -0  0.06844  -0.9977
    - offset: -0.07251853
    - center: 0.006033333639303843 0.04652166614929835 -0.06949733446041743 
    - vertices: p69(v72) p111(v47) p36(v3)
    - neighboring facets: f576 f321 f319
    - ridges:
- f321
    - flags: top simplicial tested
    - normal:  -0.0009394   0.1621  -0.9868
    - offset: -0.07613458
    - center: -0.0152989998459816 0.04693799962600072 -0.06943066666523615 
    - vertices: p69(v72) p37(v49) p36(v3)
    - neighboring facets: f332 f320 f322
- f322
    - flags: bottom simplicial tested seen
    - normal:        -0   0.3408  -0.9401
    - offset: -0.08134946
    - center: 0.01530099908510844 0.04735433310270309 -0.06936399887005489 
    - vertices: p69(v72) p37(v49) p70(v27)
    - neighboring facets: f335 f318 f321
    - ridges:
- f323
    - flags: top simplicial tested seen
    - normal:        -0  -0.2303  -0.9731
    - offset: -0.05712236
    - center: 0.01528533299763997 0.04395933200915655 -0.0691009983420372 
    - vertices: p109(v73) p140(v45) p68(v8)
    - neighboring facets: f315 f324 f577
    - ridges:
- f324
    - flags: bottom simplicial tested seen
    - normal:  0.001878  -0.1739  -0.9848
    - offset: -0.06046331
    - center: 0.03095199912786484 0.04463899880647659 -0.06922099987665813 
    - vertices: p109(v73) p111(v47) p68(v8)
    - neighboring facets: f319 f323 f576
    - ridges:
- f327
    - flags: top simplicial
    - normal:   -0.9161   0.3656  -0.1645
    - offset: -0.07241815
    - vertices: p47(v74) p351(v65) p43(v37)
    - neighboring facets: f485 f329 f328
- f328
    - flags: bottom simplicial
    - normal:   -0.7442   0.6045  -0.2839
    - offset: -0.08390298
    - vertices: p47(v74) p351(v65) p371(v48)
    - neighboring facets: f287 f437 f327
- f329
    - flags: top simplicial
    - normal:        -1 0.0005797 -0.000551
    - offset: -0.04755821
    - vertices: p47(v74) p43(v37) p44(v26)
    - neighboring facets: f153 f330 f327
- f330
    - flags: bottom simplicial
    - normal:   -0.9998 -0.007357 -0.01714
    - offset: -0.0482001
    - vertices: p47(v74) p409(v46) p44(v26)
    - neighboring facets: f199 f329 f434
- f332
    - flags: bottom simplicial
    - normal:  -0.05311   0.3778  -0.9244
    - offset: -0.08416356
    - vertices: p38(v75) p37(v49) p36(v3)
    - neighboring facets: f321 f436 f335
- f334
    - flags: bottom simplicial
    - normal:        -0   0.8364  -0.5482
    - offset: -0.07825933
    - vertices: p38(v75) p39(v29) p72(v14)
    - neighboring facets: f275 f432 f404
- f335
    - flags: top simplicial
    - normal:         0   0.5583  -0.8296
    - offset: -0.0840184
    - vertices: p38(v75) p37(v49) p70(v27)
    - neighboring facets: f322 f433 f332
- f344
    - flags: bottom simplicial tested seen
    - normal:    0.9995  0.02686  0.01871
    - offset: -0.04842556
    - center: 0.04749466603000958 0.04332300027211507 -0.01108033314812928 
    - vertices: p190(v77) p188(v20) p21(v5)
    - neighboring facets: f157 f447 f585
    - ridges:
- f349
    - flags: top simplicial tested
    - normal:    0.9998 -0.01085  -0.0182
    - offset: -0.04810594
    - center: 0.04746933281421661 0.04674600064754486 -0.06342633441090584 
    - vertices: p194(v78) p503(v51) p196(v30)
    - neighboring facets: f221 f458 f350
- f350
    - flags: bottom simplicial tested
    - normal:    0.9996 -0.00509  -0.0289
    - offset: -0.04906523
    - center: 0.04741866638263066 0.04772966727614403 -0.06609700123469035 
    - vertices: p194(v78) p503(v51) p506(v31)
    - neighboring facets: f222 f410 f349
- f351
    - flags: bottom simplicial tested seen
    - normal:     0.959   0.2565  -0.1203
    - offset:  -0.066038
    - center: 0.04742866630355516 0.05709066614508629 -0.04913833364844322 
    - vertices: p194(v78) p187(v41) p186(v1)
    - neighboring facets: f168 f586 f408
    - ridges:
- f356
    - flags: bottom simplicial tested seen
    - normal:  -0.002801  -0.2585    0.966
    - offset: -0.003907414
    - center: -0.007666666371126969 -0.00126933337499698 0.003683000104501843 
    - vertices: p56(v79) p74(v54) p75(v33)
    - neighboring facets: f494 f460 f599
    - ridges:
- f359
    - flags: bottom simplicial
    - normal:  0.004737  -0.9999  0.01008
    - offset: -0.003961857
    - vertices: p58(v80) p80(v55) p59(v32)
    - neighboring facets: f235 f360 f362
- f360
    - flags: top simplicial
    - normal:   0.09175  -0.9735   0.2096
    - offset: -0.004815802
    - vertices: p58(v80) p57(v56) p59(v32)
    - neighboring facets: f496 f359 f361
- f361
    - flags: top simplicial
    - normal:  -0.0005864  -0.8546   0.5193
    - offset: -0.004018992
    - vertices: p58(v80) p77(v68) p57(v56)
    - neighboring facets: f299 f360 f363
- f362
    - flags: top simplicial
    - normal:         0  -0.9977  0.06768
    - offset: -0.003990829
    - vertices: p58(v80) p80(v55) p79(v2)
    - neighboring facets: f235 f363 f359
- f363
    - flags: bottom simplicial
    - normal:  -0.009808  -0.9704   0.2415
    - offset: -0.004033466
    - vertices: p58(v80) p77(v68) p79(v2)
    - neighboring facets: f491 f362 f361
- f375
    - flags: bottom simplicial tested
    - normal:   -0.2812  -0.1634   0.9456
    - offset: -0.01225644
    - center: -0.04516766592860222 0.02497100022931894 0.003847000111515327 
    - vertices: p15(v83) p307(v17) p162(v9)
    - neighboring facets: f185 f468 f383
- f378
    - flags: bottom simplicial tested
    - normal:        -1 -0.0001092 0.0006896
    - offset: -0.04749548
    - center: -0.04749933257699013 0.03172066683570544 -0.0005466666771098971 
    - vertices: p15(v83) p48(v60) p49(v0)
    - neighboring facets: f258 f380 f388
- f380
    - flags: top simplicial tested
    - normal:   -0.9558   -0.294 -0.008946
    - offset: -0.03670514
    - center: -0.04726000006000201 0.02884433294336001 -0.001548999998097618 
    - vertices: p15(v83) p308(v58) p49(v0)
    - neighboring facets: f251 f378 f384
- f383
    - flags: bottom simplicial tested
    - normal:   -0.9311  -0.3644  0.01386
    - offset: -0.03355063
    - center: -0.04616166527072588 0.02594000039001306 0.001423333383475741 
    - vertices: p15(v83) p306(v35) p307(v17)
    - neighboring facets: f191 f375 f384
- f384
    - flags: bottom simplicial tested
    - normal:   -0.9325   -0.361  0.01117
    - offset: -0.03370475
    - center: -0.04664633298913638 0.02709566677610079 -0.001062666609262427 
    - vertices: p15(v83) p308(v58) p306(v35)
    - neighboring facets: f252 f383 f380
- f385
    - flags: top simplicial
    - normal:   -0.7177   0.5704   0.3994
    - offset: -0.05453732
    - vertices: p387(v84) p388(v59) p2(v36)
    - neighboring facets: f389 f472 f386
- f386
    - flags: top simplicial
    - normal:    -0.966   0.2119   0.1483
    - offset: -0.0533843
    - vertices: p387(v84) p48(v60) p388(v59)
    - neighboring facets: f261 f385 f388
- f388
    - flags: top simplicial
    - normal:   -0.9621   0.1601   0.2206
    - offset: -0.05127744
    - vertices: p387(v84) p15(v83) p48(v60)
    - neighboring facets: f378 f386 f473
- f389
    - flags: bottom simplicial
    - normal:   -0.7073   0.5792   0.4053
    - offset: -0.05436616
    - center: -0.04713733245929082 0.05160199974973997 -0.02185933338478208 
    - vertices: p389(v85) p388(v59) p2(v36)
    - neighboring facets: f385 f395 f391
- f391
    - flags: top simplicial
    - normal:   -0.7062   0.6099   0.3596
    - offset: -0.05767026
    - vertices: p389(v85) p388(v59) p40(v6)
    - neighboring facets: f255 f392 f389
- f392
    - flags: bottom simplicial
    - normal:   -0.2583   0.8389   0.4791
    - offset: -0.04632957
    - center: -0.04685433333118757 0.06033399949471155 -0.03420499960581461 
    - vertices: p389(v85) p25(v61) p40(v6)
    - neighboring facets: f263 f391 f396
- f395
    - flags: bottom simplicial tested seen
    - normal:   -0.2955   0.7823   0.5484
    - offset: -0.04238892
    - center: -0.04684866592288017 0.04405333225925764 -0.01078800029548196 
    - vertices: p4(v86) p389(v85) p2(v36)
    - neighboring facets: f389 f580 f396
    - ridges:
- f396
    - flags: top simplicial tested
    - normal:   -0.2594   0.7911    0.554
    - offset: -0.04103343
    - center: -0.04666666686534882 0.05214199920495351 -0.02224100003756272 
    - vertices: p4(v86) p389(v85) p25(v61)
    - neighboring facets: f392 f523 f395
    - ridges:
- f398
    - flags: top simplicial tested seen
    - normal:         0   0.8651   0.5015
    - offset: -0.03514403
    - center: 0.0156739999850591 0.06016699969768524 -0.03371366610129675 
    - vertices: p52(v87) p25(v61) p350(v12)
    - neighboring facets: f263 f399 f590
    - ridges:
- f399
    - flags: bottom simplicial tested
    - normal:    0.2832   0.7858   0.5498
    - offset: -0.04196067
    - center: 0.04684066648284594 0.05244533345103263 -0.02276366637670435 
    - vertices: p52(v87) p386(v63) p350(v12)
    - neighboring facets: f272 f398 f400
- f400
    - flags: top simplicial tested seen
    - normal:    0.2579   0.7914   0.5542
    - offset: -0.04097644
    - center: 0.04666666686534882 0.04445699974894523 -0.01126533306281393 
    - vertices: p52(v87) p386(v63) p23(v39)
    - neighboring facets: f273 f478 f399
    - ridges:
- f401
    - flags: top simplicial
    - normal:  -0.0001917   0.9063  -0.4226
    - offset: -0.07329038
    - vertices: p95(v88) p509(v64) p96(v11)
    - neighboring facets: f277 f403 f402
- f402
    - flags: bottom simplicial
    - normal:  -0.0002109    0.906  -0.4232
    - offset: -0.07331821
    - vertices: p95(v88) p509(v64) p39(v29)
    - neighboring facets: f275 f404 f401
- f403
    - flags: bottom simplicial
    - normal:   -0.1319   0.8972  -0.4215
    - offset: -0.07881469
    - vertices: p95(v88) p371(v48) p96(v11)
    - neighboring facets: f287 f401 f405
- f404
    - flags: top simplicial
    - normal:   -0.0263   0.8823  -0.4699
    - offset: -0.07633846
    - vertices: p95(v88) p38(v75) p39(v29)
    - neighboring facets: f334 f402 f405
- f405
    - flags: bottom simplicial
    - normal:   -0.1672   0.8688   -0.466
    - offset: -0.08188157
    - vertices: p95(v88) p38(v75) p371(v48)
    - neighboring facets: f438 f403 f404
- f406
    - flags: top simplicial
    - normal:    0.3297   0.8549  -0.4005
    - offset: -0.0845367
    - vertices: p342(v89) p187(v41) p91(v40)
    - neighboring facets: f282 f407 f408
- f407
    - flags: bottom simplicial
    - normal:    0.2675   0.8716  -0.4108
    - offset: -0.08310385
    - vertices: p342(v89) p509(v64) p91(v40)
    - neighboring facets: f277 f406 f409
- f408
    - flags: top simplicial
    - normal:    0.9506   0.2806  -0.1325
    - offset: -0.0676259
    - vertices: p342(v89) p194(v78) p187(v41)
    - neighboring facets: f351 f406 f410
- f409
    - flags: top simplicial
    - normal:    0.5633   0.6865  -0.4598
    - offset: -0.09081492
    - vertices: p342(v89) p509(v64) p506(v31)
    - neighboring facets: f279 f410 f407
- f410
    - flags: bottom simplicial
    - normal:    0.9474   0.2721  -0.1688
    - offset: -0.06935486
    - vertices: p342(v89) p194(v78) p506(v31)
    - neighboring facets: f350 f409 f408
- f411
    - flags: top simplicial
    - normal:    0.0166   0.9976 -0.06723
    - offset: -0.06483396
    - vertices: p259(v90) p187(v41) p189(v22)
    - neighboring facets: f169 f480 f413
- f413
    - flags: top simplicial
    - normal:  9.986e-05   0.9873  -0.1587
    - offset: -0.06717167
    - vertices: p259(v90) p351(v65) p187(v41)
    - neighboring facets: f282 f411 f526
- f414
    - flags: top simplicial
    - normal:  -0.001427  -0.8805  -0.4741
    - offset: -0.004020263
    - vertices: p82(v91) p81(v43) p59(v32)
    - neighboring facets: f182 f415 f416
- f415
    - flags: bottom simplicial
    - normal:  -0.0006409  -0.8701  -0.4929
    - offset: -0.004014309
    - vertices: p82(v91) p60(v67) p59(v32)
    - neighboring facets: f292 f414 f416
- f416
    - flags: top simplicial
    - normal:  -0.001178  -0.8654  -0.5011
    - offset: -0.004018158
    - vertices: p82(v91) p60(v67) p81(v43)
    - neighboring facets: f295 f414 f415
- f417
    - flags: top simplicial
    - normal:   0.01319  -0.8216  -0.5698
    - offset: -0.004187834
    - vertices: p67(v92) p60(v67) p68(v8)
    - neighboring facets: f292 f419 f418
- f418
    - flags: bottom simplicial
    - normal:        -0  -0.8187  -0.5743
    - offset: -0.004085338
    - vertices: p67(v92) p60(v67) p34(v24)
    - neighboring facets: f295 f420 f417
- f419
    - flags: bottom simplicial
    - normal:  0.000146  -0.7494  -0.6621
    - offset: -0.01309901
    - vertices: p67(v92) p35(v71) p68(v8)
    - neighboring facets: f315 f417 f420
- f420
    - flags: top simplicial
    - normal:        -0  -0.7715  -0.6362
    - offset: -0.01036289
    - vertices: p67(v92) p35(v71) p34(v24)
    - neighboring facets: f316 f418 f419
- f421
    - flags: top simplicial
    - normal:    -0.312  -0.2231   0.9235
    - offset: -0.0121951
    - center: -0.04200066750248273 0.01927266642451286 0.003673000028356908 
    - vertices: p303(v93) p305(v44) p162(v9)
    - neighboring facets: f185 f427 f423
- f423
    - flags: bottom simplicial
    - normal:   -0.7909  -0.6119 0.0002465
    - offset: -0.0218644
    - vertices: p303(v93) p305(v44) p302(v7)
    - neighboring facets: f310 f488 f421
- f427
    - flags: top simplicial tested seen
    - normal:   -0.2252  -0.1859   0.9564
    - offset: -0.009427661
    - center: -0.03972400104006132 0.01721566667159398 0.003848666790872811 
    - vertices: p166(v94) p303(v93) p162(v9)
    - neighboring facets: f421 f604 f490
    - ridges:
- f430
    - flags: bottom simplicial tested
    - normal:   -0.2059  -0.3021   0.9308
    - offset: -0.007020502
    - center: -0.02832033423086007 0.007374666631221771 0.003671666762481133 
    - vertices: p166(v94) p169(v69) p75(v33)
    - neighboring facets: f305 f495 f489
- f431
    - flags: top simplicial
    - normal:  0.006552   0.7185  -0.6955
    - offset: -0.08262786
    - vertices: p113(v95) p70(v27) p72(v14)
    - neighboring facets: f119 f432 f433
- f432
    - flags: bottom simplicial
    - normal:   0.00245   0.7487  -0.6629
    - offset: -0.0817441
    - vertices: p113(v95) p38(v75) p72(v14)
    - neighboring facets: f334 f431 f433
- f433
    - flags: top simplicial
    - normal:  0.000977   0.6099  -0.7925
    - offset: -0.08393768
    - vertices: p113(v95) p38(v75) p70(v27)
    - neighboring facets: f335 f431 f432
- f434
    - flags: top simplicial
    - normal:   -0.9995  0.00555 -0.03243
    - offset: -0.04980403
    - vertices: p410(v96) p47(v74) p409(v46)
    - neighboring facets: f330 f435 f437
- f435
    - flags: top simplicial
    - normal:   -0.5109  0.05637  -0.8578
    - offset: -0.08568776
    - vertices: p410(v96) p409(v46) p36(v3)
    - neighboring facets: f196 f436 f434
- f436
    - flags: bottom simplicial
    - normal:   -0.2468   0.3678  -0.8966
    - offset: -0.09065845
    - vertices: p410(v96) p38(v75) p36(v3)
    - neighboring facets: f332 f435 f438
- f437
    - flags: bottom simplicial
    - normal:   -0.7725    0.541  -0.3325
    - offset: -0.08510973
    - vertices: p410(v96) p47(v74) p371(v48)
    - neighboring facets: f328 f438 f434
- f438
    - flags: top simplicial
    - normal:   -0.5141   0.7132  -0.4765
    - offset: -0.0909415
    - vertices: p410(v96) p38(v75) p371(v48)
    - neighboring facets: f405 f437 f436
- f446
    - flags: top simplicial tested seen
    - normal:         1 -0.0004205 0.0006802
    - offset: -0.04748428
    - center: 0.04749800016482671 0.03173633354405562 -0.0005276667652651668 
    - vertices: p7(v99) p190(v77) p191(v50)
    - neighboring facets: f583 f465 f447
    - ridges:
- f447
    - flags: bottom simplicial tested
    - normal:         1 0.004829 0.007707
    - offset: -0.04766536
    - center: 0.04749266679088274 0.03333266700307528 0.001777666659715275 
    - vertices: p7(v99) p190(v77) p21(v5)
    - neighboring facets: f344 f519 f446
- f457
    - flags: bottom simplicial tested seen
    - normal:         1 -0.0007821 -0.0002616
    - offset:  -0.047478
    - center: 0.04749899978439013 0.0409633337209622 -0.04225800015653173 
    - vertices: p195(v100) p191(v50) p196(v30)
    - neighboring facets: f215 f458 f583
    - ridges:
- f458
    - flags: top simplicial tested seen
    - normal:         1 -0.0008318 -0.0004999
    - offset: -0.04749022
    - center: 0.04749899978439013 0.04773433382312457 -0.06190866728623708 
    - vertices: p195(v100) p194(v78) p196(v30)
    - neighboring facets: f349 f457 f586
    - ridges:
- f459
    - flags: top simplicial
    - normal:  3.426e-05  -0.5669   0.8238
    - offset: -0.003987132
    - vertices: p76(v101) p57(v56) p75(v33)
    - neighboring facets: f299 f460 f461
- f460
    - flags: bottom simplicial
    - normal:  4.143e-05  -0.5345   0.8452
    - offset: -0.003996337
    - vertices: p76(v101) p56(v79) p75(v33)
    - neighboring facets: f356 f459 f461
- f461
    - flags: top simplicial
    - normal:  0.0004801  -0.5605   0.8281
    - offset: -0.003985879
    - center: 0.00463733325401942 -0.002284666678557793 0.003264000018437704 
    - vertices: p76(v101) p56(v79) p57(v56)
    - neighboring facets: f566 f459 f460
- f464
    - flags: top simplicial
    - normal:    0.9399  -0.3337 -0.07257
    - offset: -0.03508029
    - vertices: p323(v102) p191(v50) p505(v15)
    - neighboring facets: f215 f572 f465
- f465
    - flags: top simplicial
    - normal:    0.9478  -0.3189 -0.005201
    - offset: -0.0355735
    - vertices: p323(v102) p7(v99) p191(v50)
    - neighboring facets: f446 f464 f466
- f466
    - flags: bottom simplicial
    - normal:    0.9405  -0.3396 0.008049
    - offset: -0.03467521
    - center: 0.04647233337163925 0.02662933307389418 0.001001333274568121 
    - vertices: p323(v102) p7(v99) p325(v81)
    - neighboring facets: f557 f544 f465
- f468
    - flags: bottom simplicial tested seen
    - normal:  -0.07658 -0.03776   0.9963
    - offset: -0.006439146
    - center: -0.04544200003147125 0.02654566677908103 0.003976000162462394 
    - vertices: p13(v103) p15(v83) p162(v9)
    - neighboring facets: f375 f601 f470
    - ridges:
- f470
    - flags: bottom simplicial tested
    - normal:  -0.0006954  0.08551   0.9963
    - offset: -0.00646444
    - center: -0.0153843325873216 0.02919733338057995 0.003971666718522709 
    - vertices: p13(v103) p7(v99) p15(v83)
    - neighboring facets: f552 f468 f548
- f472
    - flags: top simplicial
    - normal:   -0.9451   0.1911    0.265
    - offset: -0.05157607
    - vertices: p0(v104) p387(v84) p2(v36)
    - neighboring facets: f385 f518 f473
- f473
    - flags: bottom simplicial
    - normal:   -0.9483   0.1842   0.2585
    - offset: -0.05147929
    - vertices: p0(v104) p387(v84) p15(v83)
    - neighboring facets: f388 f550 f472
- f478
    - flags: top simplicial tested seen
    - normal:  8.923e-06   0.8191   0.5736
    - offset: -0.03000022
    - center: 0.03650000070532163 0.04522399976849556 -0.0122829997271765 
    - vertices: p151(v105) p52(v87) p23(v39)
    - neighboring facets: f400 f595 f589
    - ridges:
- f480
    - flags: top simplicial
    - normal:  0.0001236        1 -0.006079
    - offset: -0.06187981
    - vertices: p41(v106) p259(v90) p189(v22)
    - neighboring facets: f411 f482 f528
- f482
    - flags: top simplicial
    - normal:  -0.0009849    0.996  0.08922
    - offset: -0.05795961
    - vertices: p41(v106) p189(v22) p40(v6)
    - neighboring facets: f177 f483 f480
- f483
    - flags: bottom simplicial
    - normal:   -0.9453   0.3083   0.1068
    - offset: -0.05955377
    - vertices: p41(v106) p42(v18) p40(v6)
    - neighboring facets: f255 f482 f484
- f484
    - flags: bottom simplicial
    - normal:   -0.9954  0.09571 0.003855
    - offset: -0.05284333
    - vertices: p41(v106) p43(v37) p42(v18)
    - neighboring facets: f152 f483 f485
- f485
    - flags: bottom simplicial
    - normal:   -0.9425   0.3157  -0.1097
    - offset: -0.06834646
    - vertices: p41(v106) p351(v65) p43(v37)
    - neighboring facets: f327 f484 f527
- f486
    - flags: bottom simplicial
    - normal:   -0.6228  -0.7824 -0.0006708
    - offset: -0.01278256
    - vertices: p301(v107) p185(v23) p79(v2)
    - neighboring facets: f179 f491 f487
- f487
    - flags: top simplicial
    - normal:   -0.6975  -0.7166 -0.0004339
    - offset: -0.01639821
    - vertices: p301(v107) p185(v23) p302(v7)
    - neighboring facets: f83 f488 f486
- f488
    - flags: bottom simplicial
    - normal:   -0.6978  -0.7163 -0.0001379
    - offset: -0.01641464
    - vertices: p301(v107) p303(v93) p302(v7)
    - neighboring facets: f423 f487 f490
- f489
    - flags: top simplicial
    - normal:   -0.3221  -0.3954   0.8602
    - offset: -0.009665754
    - vertices: p301(v107) p166(v94) p169(v69)
    - neighboring facets: f430 f492 f490
- f490
    - flags: bottom simplicial
    - normal:    -0.337  -0.3826   0.8603
    - offset: -0.01037992
    - vertices: p301(v107) p166(v94) p303(v93)
    - neighboring facets: f427 f488 f489
- f491
    - flags: top simplicial
    - normal:   -0.5916  -0.7823   0.1947
    - offset: -0.01229976
    - vertices: p301(v107) p77(v68) p79(v2)
    - neighboring facets: f363 f486 f492
- f492
    - flags: top simplicial
    - normal:   -0.5708  -0.7647   0.2988
    - offset: -0.01211628
    - vertices: p301(v107) p169(v69) p77(v68)
    - neighboring facets: f305 f491 f489
- f493
    - flags: top simplicial tested seen
    - normal:  -0.02925 -0.04401   0.9986
    - offset: -0.004447719
    - center: -0.02675666722158591 0.00746599988391002 0.003999333518246809 
    - vertices: p167(v108) p166(v94) p74(v54)
    - neighboring facets: f602 f494 f495
    - ridges:
- f494
    - flags: top simplicial tested
    - normal:   -0.1686  -0.2548   0.9522
    - offset: -0.006422263
    - center: -0.01983666668335597 0.002200666504601637 0.003821000146369139 
    - vertices: p167(v108) p74(v54) p75(v33)
    - neighboring facets: f356 f495 f493
- f495
    - flags: bottom simplicial tested
    - normal:   -0.1789  -0.2671   0.9469
    - offset: -0.006587351
    - center: -0.02675666722158591 0.006799666521449883 0.003821000146369139 
    - vertices: p167(v108) p166(v94) p75(v33)
    - neighboring facets: f430 f494 f493
- f496
    - flags: bottom simplicial
    - normal:    0.3519  -0.9153    0.196
    - offset: -0.00822057
    - center: 0.01429633299509684 -0.003206666714201371 0.001298999995924532 
    - vertices: p458(v109) p57(v56) p59(v32)
    - neighboring facets: f360 f497 f531
- f497
    - flags: top simplicial
    - normal:    0.5882  -0.8045  0.08239
    - offset: -0.01121473
    - center: 0.02205766613284747 0.00224433319332699 0.0005516666763772567 
    - vertices: p458(v109) p322(v98) p59(v32)
    - neighboring facets: f500 f496 f560
- f500
    - flags: bottom simplicial
    - normal:    0.5912  -0.8051  0.04889
    - offset: -0.01130028
    - vertices: p316(v110) p322(v98) p59(v32)
    - neighboring facets: f497 f539 f501
- f501
    - flags: top simplicial
    - normal:    0.6859  -0.7273  -0.0244
    - offset: -0.01582097
    - vertices: p316(v110) p322(v98) p318(v76)
    - neighboring facets: f542 f503 f500
- f503
    - flags: top simplicial
    - normal:    0.6686  -0.7089  -0.2247
    - offset: -0.01612542
    - vertices: p316(v110) p318(v76) p505(v15)
    - neighboring facets: f571 f538 f501
- f516
    - flags: top simplicial
    - normal:  -0.0006226   0.6429    0.766
    - offset: -0.02380892
    - vertices: p1(v113) p2(v36) p21(v5)
    - neighboring facets: f161 f517 f518
- f517
    - flags: bottom simplicial
    - normal:  -0.0009481   0.5158   0.8567
    - offset: -0.01961047
    - vertices: p1(v113) p0(v104) p21(v5)
    - neighboring facets: f520 f516 f518
- f518
    - flags: top simplicial
    - normal:  -0.01991   0.5666   0.8237
    - offset: -0.02207016
    - vertices: p1(v113) p0(v104) p2(v36)
    - neighboring facets: f472 f516 f517
- f519
    - flags: bottom simplicial
    - normal:   0.04273   0.3421   0.9387
    - offset: -0.01587331
    - vertices: p9(v114) p7(v99) p21(v5)
    - neighboring facets: f447 f520 f553
- f520
    - flags: top simplicial
    - normal:  0.0009519   0.4318    0.902
    - offset: -0.0169024
    - vertices: p9(v114) p0(v104) p21(v5)
    - neighboring facets: f517 f519 f551
- f523
    - flags: top simplicial tested seen
    - normal:  -8.923e-06   0.8191   0.5736
    - offset: -0.03000022
    - center: -0.03650000070532163 0.04522399976849556 -0.0122829997271765 
    - vertices: p150(v115) p4(v86) p25(v61)
    - neighboring facets: f396 f590 f593
    - ridges:
- f526
    - flags: bottom simplicial
    - normal:        -0   0.9884  -0.1521
    - offset: -0.06697063
    - vertices: p231(v116) p259(v90) p351(v65)
    - neighboring facets: f413 f527 f528
- f527
    - flags: top simplicial
    - normal:  -0.008685    0.994  -0.1088
    - offset: -0.06594597
    - vertices: p231(v116) p41(v106) p351(v65)
    - neighboring facets: f485 f526 f528
- f528
    - flags: bottom simplicial
    - normal:        -0   0.9998 -0.02202
    - offset: -0.06249534
    - vertices: p231(v116) p41(v106) p259(v90)
    - neighboring facets: f480 f526 f527
- f531
    - flags: top simplicial tested
    - normal:    0.3806   -0.497   0.7798
    - offset: -0.008948128
    - center: 0.01796599974234899 0.0005439999513328075 0.003052666628112396 
    - vertices: p168(v117) p458(v109) p57(v56)
    - neighboring facets: f496 f567 f562
- f537
    - flags: bottom simplicial
    - normal:    0.5184  -0.7972  -0.3093
    - offset: -0.01071066
    - vertices: p456(v118) p59(v32) p505(v15)
    - neighboring facets: f231 f538 f539
- f538
    - flags: top simplicial
    - normal:    0.5452  -0.7871  -0.2884
    - offset: -0.0110622
    - vertices: p456(v118) p316(v110) p505(v15)
    - neighboring facets: f503 f537 f539
- f539
    - flags: bottom simplicial
    - normal:    0.5879  -0.8089    -0.01
    - offset: -0.01134348
    - vertices: p456(v118) p316(v110) p59(v32)
    - neighboring facets: f500 f537 f538
- f541
    - flags: bottom simplicial
    - normal:    0.5086   -0.492   0.7065
    - offset: -0.01280888
    - vertices: p321(v119) p320(v111) p325(v81)
    - neighboring facets: f545 f555 f543
- f542
    - flags: bottom simplicial
    - normal:    0.6898  -0.7237 -0.01868
    - offset: -0.0160185
    - vertices: p321(v119) p322(v98) p318(v76)
    - neighboring facets: f501 f543 f556
- f543
    - flags: top simplicial
    - normal:    0.7712  -0.6366 0.006161
    - offset: -0.02062915
    - vertices: p321(v119) p320(v111) p318(v76)
    - neighboring facets: f570 f542 f541
- f544
    - flags: bottom simplicial
    - normal:    0.8945  -0.4469 0.006971
    - offset: -0.02985848
    - vertices: p324(v120) p323(v102) p325(v81)
    - neighboring facets: f466 f545 f568
- f545
    - flags: top simplicial
    - normal:     0.599  -0.5155   0.6128
    - offset: -0.01612673
    - vertices: p324(v120) p320(v111) p325(v81)
    - neighboring facets: f541 f544 f569
- f548
    - flags: top simplicial tested seen
    - normal:  -2.614e-05  0.01692   0.9999
    - offset: -0.004484788
    - center: -0.007385666171709697 0.02893299981951714 0.003995666746050119 
    - vertices: p12(v121) p13(v103) p7(v99)
    - neighboring facets: f470 f575 f605
    - ridges:
- f550
    - flags: bottom simplicial
    - normal:  -0.02137   0.2468   0.9688
    - offset: -0.01208818
    - vertices: p5(v122) p0(v104) p15(v83)
    - neighboring facets: f473 f552 f551
- f551
    - flags: bottom simplicial
    - normal:        -0   0.3646   0.9312
    - offset: -0.01483097
    - vertices: p5(v122) p9(v114) p0(v104)
    - neighboring facets: f520 f550 f553
- f552
    - flags: top simplicial
    - normal:  -0.0007776   0.1872   0.9823
    - offset: -0.009407481
    - vertices: p5(v122) p7(v99) p15(v83)
    - neighboring facets: f470 f550 f553
- f553
    - flags: top simplicial
    - normal:        -0   0.2165   0.9763
    - offset: -0.01028607
    - vertices: p5(v122) p9(v114) p7(v99)
    - neighboring facets: f519 f552 f551
- f554
    - flags: bottom simplicial
    - normal:    0.4446  -0.4686   0.7634
    - offset: -0.01068475
    - vertices: p165(v123) p168(v117) p322(v98)
    - neighboring facets: f561 f556 f559
- f555
    - flags: bottom simplicial
    - normal:     0.498  -0.4874   0.7172
    - offset: -0.01246416
    - vertices: p165(v123) p321(v119) p325(v81)
    - neighboring facets: f541 f557 f556
- f556
    - flags: top simplicial
    - normal:    0.4596  -0.4752   0.7503
    - offset: -0.01114904
    - vertices: p165(v123) p321(v119) p322(v98)
    - neighboring facets: f542 f554 f555
- f557
    - flags: top simplicial
    - normal:    0.7757  -0.4267    0.465
    - offset: -0.02609266
    - vertices: p165(v123) p7(v99) p325(v81)
    - neighboring facets: f466 f555 f558
- f558
    - flags: top simplicial
    - normal:   0.05007 -0.04031   0.9979
    - offset: -0.005166694
    - center: 0.04686100035905838 0.02866933308541775 0.003984000068157911 
    - vertices: p165(v123) p6(v112) p7(v99)
    - neighboring facets: f574 f557 f559
- f559
    - flags: top simplicial
    - normal:   0.04076 -0.04142   0.9983
    - offset: -0.004703174
    - center: 0.03933133309086164 0.02127366637190183 0.003988000098615885 
    - vertices: p165(v123) p168(v117) p6(v112)
    - neighboring facets: f564 f558 f554
- f560
    - flags: bottom simplicial
    - normal:    0.4742  -0.5769   0.6651
    - offset: -0.01029595
    - vertices: p315(v124) p458(v109) p322(v98)
    - neighboring facets: f497 f561 f562
- f561
    - flags: top simplicial
    - normal:    0.4626  -0.5416    0.702
    - offset: -0.01035026
    - vertices: p315(v124) p168(v117) p322(v98)
    - neighboring facets: f554 f560 f562
- f562
    - flags: bottom simplicial
    - normal:    0.4497  -0.5525   0.7018
    - offset: -0.009949776
    - vertices: p315(v124) p168(v117) p458(v109)
    - neighboring facets: f531 f560 f561
- f564
    - flags: bottom simplicial tested seen
    - normal:  0.0003789 -0.0004316        1
    - offset: -0.004005266
    - center: 0.02843500021845102 0.01198666666944822 0.003999666776508094 
    - vertices: p157(v125) p168(v117) p6(v112)
    - neighboring facets: f559 f603 f567
    - ridges:
- f566
    - flags: bottom simplicial tested seen
    - normal:   0.05161  -0.3806   0.9233
    - offset: -0.004410471
    - center: 0.0119373332709074 -0.001617999980226159 0.003442666726186871 
    - vertices: p157(v125) p56(v79) p57(v56)
    - neighboring facets: f461 f567 f599
    - ridges:
- f567
    - flags: top simplicial tested
    - normal:    0.2461  -0.3688   0.8963
    - offset: -0.007006605
    - center: 0.01757233310490847 0.001432666632657249 0.003581000026315451 
    - vertices: p157(v125) p168(v117) p57(v56)
    - neighboring facets: f531 f566 f564
- f568
    - flags: top simplicial
    - normal:    0.8722  -0.4886 -0.02462
    - offset: -0.02789155
    - vertices: p319(v126) p324(v120) p323(v102)
    - neighboring facets: f544 f572 f569
- f569
    - flags: bottom simplicial
    - normal:    0.8472  -0.5313 0.000583
    - offset: -0.02587431
    - vertices: p319(v126) p324(v120) p320(v111)
    - neighboring facets: f545 f570 f568
- f570
    - flags: bottom simplicial
    - normal:    0.7911  -0.6113 -0.02085
    - offset: -0.02193732
    - vertices: p319(v126) p320(v111) p318(v76)
    - neighboring facets: f543 f571 f569
- f571
    - flags: bottom simplicial
    - normal:    0.7786  -0.6048  -0.1672
    - offset: -0.02205329
    - vertices: p319(v126) p318(v76) p505(v15)
    - neighboring facets: f503 f572 f570
- f572
    - flags: top simplicial
    - normal:    0.8664  -0.4854   -0.117
    - offset: -0.02803826
    - vertices: p319(v126) p323(v102) p505(v15)
    - neighboring facets: f464 f571 f568
- f574
    - flags: bottom simplicial tested seen
    - normal:  2.163e-05  0.01421   0.9999
    - offset: -0.004407368
    - center: 0.03916466732819875 0.02893299981951714 0.003995666746050119 
    - vertices: p10(v127) p6(v112) p7(v99)
    - neighboring facets: f558 f575 f603
    - ridges:
- f575
    - flags: top simplicial tested seen
    - normal:         0  0.01481   0.9999
    - offset: -0.004423758
    - center: 0.01583133389552434 0.02894466618696849 0.00399566674605012 
    - vertices: p10(v127) p12(v121) p7(v99)
    - neighboring facets: f548 f574 f605
    - ridges:
- f576
    - flags: top simplicial tricoplanar keepcentrum
    - owner of normal & centrum is facet f576
    - normal:        -0  -0.1739  -0.9848
    - offset: -0.06041928
    - center: -0.00559999980032444 0.04521549865603447 -0.06933699920773506 
    - vertices: p109(v73) p111(v47) p36(v3)
    - neighboring facets: f320 f577 f324
- f577
    - flags: bottom simplicial tricoplanar
    - owner of normal & centrum is facet f576
    - normal:        -0  -0.1739  -0.9848
    - offset: -0.06041928
    - center: -0.00559999980032444 0.04521549865603447 -0.06933699920773506 
    - vertices: p109(v73) p140(v45) p36(v3)
    - neighboring facets: f317 f576 f323
- f580
    - flags: top simplicial tricoplanar keepcentrum
    - owner of normal & centrum is facet f580
    - normal:         0   0.7638   0.6454
    - offset: -0.02794471
    - center: -0.001636499539017677 0.0365054989233613 9.400000999448882e-05 
    - vertices: p4(v86) p23(v39) p2(v36)
    - neighboring facets: f161 f395 f593
- f583
    - flags: bottom simplicial tricoplanar keepcentrum
    - owner of normal & centrum is facet f583
    - normal:         1        0        0
    - offset:    -0.0475
    - center: 0.04749999940395355 0.04727883357554674 -0.0346703333974195 
    - vertices: p195(v100) p190(v77) p191(v50)
    - neighboring facets: f446 f457 f585
- f584
    - flags: top simplicial tricoplanar
    - owner of normal & centrum is facet f583
    - normal:         1        0        0
    - offset:    -0.0475
    - center: 0.04749999940395355 0.04727883357554674 -0.0346703333974195 
    - vertices: p195(v100) p188(v20) p186(v1)
    - neighboring facets: f168 f586 f585
- f585
    - flags: top simplicial tricoplanar
    - owner of normal & centrum is facet f583
    - normal:         1        0        0
    - offset:    -0.0475
    - center: 0.04749999940395355 0.04727883357554674 -0.0346703333974195 
    - vertices: p195(v100) p190(v77) p188(v20)
    - neighboring facets: f344 f584 f583
- f586
    - flags: bottom simplicial tricoplanar
    - owner of normal & centrum is facet f583
    - normal:         1        0        0
    - offset:    -0.0475
    - center: 0.04749999940395355 0.04727883357554674 -0.0346703333974195 
    - vertices: p195(v100) p194(v78) p186(v1)
    - neighboring facets: f351 f584 f458
- f589
    - flags: bottom simplicial tricoplanar keepcentrum
    - owner of normal & centrum is facet f589
    - normal:        -0   0.8192   0.5736
    - offset: -0.03000026
    - center:      0 0.04943200014531612 -0.01829249958973378 
    - vertices: p150(v115) p151(v105) p52(v87)
    - neighboring facets: f478 f590 f595
- f590
    - flags: bottom simplicial tricoplanar
    - owner of normal & centrum is facet f589
    - normal:        -0   0.8192   0.5736
    - offset: -0.03000026
    - center:      0 0.04943200014531612 -0.01829249958973378 
    - vertices: p150(v115) p52(v87) p25(v61)
    - neighboring facets: f398 f523 f589
- f593
    - flags: bottom simplicial tricoplanar keepcentrum
    - owner of normal & centrum is facet f593
    - normal:        -0   0.8191   0.5736
    - offset: -0.02999831
    - center:      0 0.03790399990975857 -0.001829000000725498 
    - vertices: p150(v115) p4(v86) p23(v39)
    - neighboring facets: f580 f595 f523
- f595
    - flags: top simplicial tricoplanar
    - owner of normal & centrum is facet f593
    - normal:        -0   0.8191   0.5736
    - offset: -0.02999831
    - center:      0 0.03790399990975857 -0.001829000000725498 
    - vertices: p150(v115) p151(v105) p23(v39)
    - neighboring facets: f478 f593 f589
- f599
    - flags: top simplicial tricoplanar keepcentrum
    - owner of normal & centrum is facet f599
    - normal:         0  -0.2241   0.9746
    - offset: -0.003898254
    - center: -0.0004000000189989805 -0.0004522500094026328 0.003896000154782087 
    - vertices: p157(v125) p56(v79) p74(v54)
    - neighboring facets: f356 f600 f566
- f600
    - flags: top simplicial tricoplanar keepcentrum
    - owner of normal & centrum is facet f600
    - normal:        -0       -0        1
    - offset:     -0.004
    - center: -0.0100237502483651 0.01873874990269542 0.004000000189989805 
    - vertices: p10(v127) p157(v125) p74(v54)
    - neighboring facets: f599 f602 f603
- f601
    - flags: bottom simplicial tricoplanar
    - owner of normal & centrum is facet f600
    - normal:        -0       -0        1
    - offset:     -0.004
    - center: -0.0100237502483651 0.01873874990269542 0.004000000189989805 
    - vertices: p10(v127) p13(v103) p162(v9)
    - neighboring facets: f468 f604 f605
- f602
    - flags: bottom simplicial tricoplanar
    - owner of normal & centrum is facet f600
    - normal:        -0       -0        1
    - offset:     -0.004
    - center: -0.0100237502483651 0.01873874990269542 0.004000000189989805 
    - vertices: p10(v127) p166(v94) p74(v54)
    - neighboring facets: f493 f600 f604
- f603
    - flags: bottom simplicial tricoplanar
    - owner of normal & centrum is facet f600
    - normal:        -0       -0        1
    - offset:     -0.004
    - center: -0.0100237502483651 0.01873874990269542 0.004000000189989805 
    - vertices: p10(v127) p157(v125) p6(v112)
    - neighboring facets: f564 f574 f600
- f604
    - flags: top simplicial tricoplanar
    - owner of normal & centrum is facet f600
    - normal:        -0       -0        1
    - offset:     -0.004
    - center: -0.0100237502483651 0.01873874990269542 0.004000000189989805 
    - vertices: p10(v127) p166(v94) p162(v9)
    - neighboring facets: f427 f601 f602
- f605
    - flags: bottom simplicial tricoplanar
    - owner of normal & centrum is facet f600
    - normal:        -0       -0        1
    - offset:     -0.004
    - center: -0.0100237502483651 0.01873874990269542 0.004000000189989805 
    - vertices: p10(v127) p12(v121) p13(v103)
    - neighboring facets: f548 f601 f575
