3
788 90 135
-0.03004200011491776 0.1000489965081215 0.1404999941587448 
0.03064999915659428 0.09679999947547913 0.1404999941587448 
0.05702799931168556 0.1235430017113686 0.1404989957809448 
-0.08834800124168396 -0.157491996884346 0.1404999941587448 
-0.06749200075864792 -0.1068499982357025 0.1404999941587448 
-0.08834999799728394 0.1574990004301071 0.1404999941587448 
0.08964700251817703 0.157490000128746 0.1404999941587448 
0.08964899927377701 -0.1574960052967072 0.1404999941587448 
0.03520699962973595 -0.1176310032606125 0.1404999941587448 
-0.02833200059831142 -0.0999549999833107 0.1404999941587448 
0.07230900228023529 -0.1072769984602928 0.1404999941587448 
-0.08335000276565552 -0.1574999988079071 0.1324999928474426 
0.08465000241994858 -0.1574999988079071 0.1324999928474426 
0.089649997651577 -0.1525000035762787 0.1324999928474426 
0.089649997651577 0.1525000035762787 0.1324999928474426 
0.08465000241994858 0.1574999988079071 0.1324999928474426 
-0.08335000276565552 0.1574999988079071 0.1324999928474426 
-0.08834999799728394 0.1525000035762787 0.1324999928474426 
-0.08834999799728394 -0.1525000035762787 0.1324999928474426 
0.05564999952912331 0.1544999927282333 0.1324999928474426 
0.08765000104904175 0.1544999927282333 0.1344749927520752 
0.08771300315856934 -0.1546390056610107 0.1344809979200363 
0.05559999868273735 -0.1544539928436279 0.1325010061264038 
0.0870790034532547 -0.1217930018901825 0.1341380029916763 
-0.08646299690008163 -0.1546149998903275 0.1344899982213974 
-0.08635000139474869 -0.1225000023841858 0.1324999928474426 
-0.05434999987483025 -0.1225000023841858 0.1324999928474426 
-0.08626499772071838 0.1224569976329803 0.1324999928474426 
-0.0863960012793541 0.1545770019292831 0.1344880014657974 
0.08765000104904175 0.1225000023841858 0.1324999928474426 
0.05564999952912331 0.1225000023841858 0.1324999928474426 
-0.05434999987483025 0.1225000023841858 0.1324999928474426 
0.06857100129127502 0.1076750010251999 0.1324999928474426 
-0.0284269992262125 0.1000259965658188 0.1325069963932037 
0.02926399931311607 0.09759999811649323 0.1324999928474426 
-0.02895000018179417 -0.09712199866771698 0.1324999928474426 
0.03068700060248375 -0.0996289998292923 0.1324999928474426 
-0.05434999987483025 0.1544999927282333 0.1324999928474426 
0.06418900191783905 -0.1147610023617744 0.1324999928474426 
-0.05062500014901161 -0.1404220014810562 0.1341689974069595 
0.05407299846410751 -0.1383479982614517 0.1345670074224472 
-0.08635000139474869 -0.1225000023841858 0.1344999969005585 
-0.08635000139474869 0.1225000023841858 0.1344999969005585 
-0.05434999987483025 0.1225000023841858 0.1344999969005585 
-0.05434999987483025 0.1544999927282333 0.1344999969005585 
0.08765000104904175 0.1225000023841858 0.1344999969005585 
0.05564999952912331 0.1544999927282333 0.1344989985227585 
0.05564999952912331 0.1225000023841858 0.1344999969005585 
0.05665000155568123 -0.1234999969601631 0.1344999969005585 
0.05665000155568123 -0.1344999969005585 0.1344999969005585 
0.05752500146627426 -0.1301250010728836 0.1344999969005585 
0.05665000155568123 -0.1234999969601631 0.009499999694526196 
0.06327500194311142 -0.1243750005960464 0.1344999969005585 
0.06764999777078629 -0.1234999969601631 0.1344999969005585 
0.08002500236034393 -0.1526249945163727 0.1344999969005585 
0.07564999908208847 -0.1535000056028366 0.1344999969005585 
0.08664999902248383 -0.1535000056028366 0.1344999969005585 
0.08664999902248383 -0.1424999982118607 0.1344999969005585 
0.08577500283718109 -0.1468749940395355 0.1344999969005585 
0.0741180032491684 -0.137920007109642 0.1336890012025833 
0.07615000009536743 -0.1422930061817169 0.1344999969005585 
0.07579600065946579 -0.1343539953231812 0.1344999969005585 
0.07087499648332596 -0.135901004076004 0.1343699991703033 
0.06750400364398956 -0.1343539953231812 0.1344999969005585 
0.06933200359344482 -0.1392340064048767 0.1339029967784882 
0.06750400364398956 -0.142645999789238 0.1344999969005585 
0.0801910012960434 -0.1468639969825745 0.1344999969005585 
0.07544299960136414 -0.1430000066757202 0.1344999969005585 
0.07213400304317474 -0.1405449956655502 0.1338499933481216 
0.08664999902248383 -0.1234999969601631 0.1344999969005585 
0.07564999908208847 -0.1234999969601631 0.1344999969005585 
0.08002500236034393 -0.1243750005960464 0.1344999969005585 
0.08577500283718109 -0.1301250010728836 0.1344999969005585 
0.08664999902248383 -0.1344999969005585 0.1344999969005585 
0.05665000155568123 -0.1535000056028366 0.1344999969005585 
0.05665000155568123 -0.1535000056028366 0.009499999694526196 
0.05752500146627426 -0.1468749940395355 0.1344999969005585 
0.05665000155568123 -0.1424999982118607 0.1344999969005585 
0.06327500194311142 -0.1526249945163727 0.1344999969005585 
0.06764999777078629 -0.1535000056028366 0.1344999969005585 
0.05752500146627426 -0.1301250010728836 0.009499999694526196 
0.05665000155568123 -0.1344999969005585 0.009499999694526196 
0.08664999902248383 -0.1535000056028366 0.009499999694526196 
0.07564999908208847 -0.1535000056028366 0.009499999694526196 
0.08002500236034393 -0.1526249945163727 0.009499999694526196 
0.08577500283718109 -0.1468749940395355 0.009499999694526196 
0.08664999902248383 -0.1424999982118607 0.009499999694526196 
0.06750400364398956 -0.1343539953231812 0.009499999694526196 
0.07089799642562866 -0.1367450058460236 0.01355599984526634 
0.06962800025939941 -0.1395149976015091 0.01035199966281652 
0.06750400364398956 -0.142645999789238 0.009499999694526196 
0.07289600372314453 -0.1400229930877686 0.009782000444829464 
0.07579600065946579 -0.1343539953231812 0.009499999694526196 
0.07579600065946579 -0.142645999789238 0.009499999694526196 
0.05665000155568123 -0.1424999982118607 0.009499999694526196 
0.05752500146627426 -0.1468749940395355 0.009499999694526196 
0.06327500194311142 -0.1526249945163727 0.009499999694526196 
0.06764999777078629 -0.1535000056028366 0.009499999694526196 
0.08664999902248383 -0.1234999969601631 0.009499999694526196 
0.08002500236034393 -0.1243750005960464 0.009499999694526196 
0.07564999908208847 -0.1234999969601631 0.009499999694526196 
0.08577500283718109 -0.1301250010728836 0.009499999694526196 
0.08664999902248383 -0.1344999969005585 0.009499999694526196 
0.06327500194311142 -0.1243750005960464 0.009499999694526196 
0.06764999777078629 -0.1234999969601631 0.009499999694526196 
0.06319700181484222 -0.1300469934940338 0.07199999690055847 
0.06319700181484222 -0.1469530016183853 0.07199999690055847 
0.08001399785280228 -0.147040992975235 0.009499999694526196 
0.08010300248861313 -0.1300469934940338 0.07199999690055847 
0.08500000089406967 0.1574999988079071 0.01200000010430813 
-0.05435400083661079 0.1544930040836334 0.01200000010430813 
-0.01128700003027916 0.1330610066652298 0.01196799986064434 
0.05566399917006493 -0.1544940024614334 0.01200000010430813 
0.0556580014526844 -0.1225169971585274 0.01200000010430813 
0.03644699975848198 -0.1208269968628883 0.01199700031429529 
0.03063900023698807 -0.04544899985194206 0.01214499957859516 
0.04421800002455711 -0.06122900173068047 0.008022000081837177 
0.05105999857187271 -0.05874599888920784 0.01200000010430813 
-0.1560000032186508 0.1324999928474426 0.01200000010430813 
-0.07053899765014648 0.1078760027885437 0.0119810001924634 
-0.1309999972581863 0.1574999988079071 0.01200000010430813 
-0.1309999972581863 -0.1574999988079071 0.01200000010430813 
-0.08648700267076492 -0.1222189962863922 0.01198999956250191 
-0.1560000032186508 -0.1324999928474426 0.01200000010430813 
-0.08120100200176239 -0.1037480011582375 0.01199799962341785 
-0.08199399709701538 -0.09544499963521957 0.01200100034475327 
-0.05433100089430809 -0.1225320026278496 0.01199799962341785 
-0.01139399968087673 -0.1330499947071075 0.01199899986386299 
0.04960599914193153 -0.0870790034532547 0.01200000010430813 
0.005001999903470278 -0.0345270000398159 0.01198900025337934 
-0.003110999939963222 -0.02149599976837635 0.01200000010430813 
0.04712300002574921 0.06748899817466736 0.0004239999980200082 
0.03526299819350243 0.05031700059771538 0.01200000010430813 
0.04831599816679955 0.07364600151777267 0.01200000010430813 
-0.09025699645280838 -0.02277999930083752 0.01199700031429529 
-0.01723800040781498 -0.03284100070595741 0.01200000010430813 
-0.08976200222969055 0.02257999964058399 0.01200000010430813 
-0.1102479994297028 0.06998000293970108 0.0119810001924634 
-0.1146970018744469 0.04410599917173386 0.01200000010430813 
-0.1093730032444 0.07150500267744064 9.000000318337698e-06 
-0.1175860017538071 0.05911799892783165 0.01200000010430813 
0.09000000357627869 0.1525000035762787 0.01200000010430813 
0.08778399974107742 0.1547529995441437 0.009513000026345253 
0.08761700242757797 0.1224910020828247 0.01200100034475327 
0.08500000089406967 -0.1574999988079071 0.01200000010430813 
0.08790700137615204 -0.1546420007944107 0.009545999579131603 
0.09000000357627869 -0.1525000035762787 0.01200000010430813 
0.08758000284433365 -0.1224749982357025 0.01199899986386299 
-0.05435499921441078 -0.1544969975948334 0.01200000010430813 
-0.08634199947118759 -0.1544830054044724 0.01200000010430813 
-0.05436199903488159 0.1225069984793663 0.01200000010430813 
0.05565400049090385 0.1544940024614334 0.01200000010430813 
-0.08634299784898758 0.1544920057058334 0.01200000010430813 
0.02403599955141544 0.1295730024576187 0.01201699953526258 
0.04628299921751022 0.1049370020627975 0.01199399959295988 
0.005661000031977892 0.03314900025725365 0.01198600046336651 
-0.01979300007224083 0.03248099982738495 0.01200000010430813 
-0.1142800003290176 -0.04227700084447861 0.01200000010430813 
-0.1098039969801903 -0.07161799818277359 0.01197800040245056 
-0.109945997595787 -0.07107900083065033 -9.999999974752427e-07 
-0.1147520020604134 -0.04441500082612038 1.999999994950485e-06 
0.007823999971151352 -0.1334719955921173 0.01199700031429529 
-0.1310189962387085 -0.1574970036745071      0 
-0.08196099847555161 -0.09546499699354172 9.999999974752427e-07 
-0.001674000057391822 -0.1365080028772354      0 
0.03243400156497955 -0.1223139986395836      0 
0.007825000211596489 0.1334719955921173      0 
0.0362670011818409 0.1199299991130829 -4.999999873689376e-06 
0.03526299819350243 0.05031700059771538      0 
0.005555000156164169 0.03473899886012077      0 
-0.002392000053077936 0.02182300016283989      0 
0.08999799937009811 -0.1574970036745071      0 
-0.01179799996316433 0.1327670067548752 9.999999974752427e-07 
0.0899989977478981 0.1574980020523071      0 
-0.07094299793243408 0.1078760027885437 1.999999994950485e-06 
-0.1309880018234253 0.1574950069189072 -1.999999994950485e-06 
-0.1560000032186508 0.1324999928474426      0 
0.04946999996900558 0.09263300150632858      0 
-0.004164999816566706 -0.02451200038194656 9.000000318337698e-06 
-0.01830900087952614 -0.03263099864125252 9.999999974752427e-07 
-0.08954499661922455 -0.02263800054788589 1.999999994950485e-06 
-0.08572500199079514 0.02309099957346916      0 
-0.01732200011610985 0.03287199884653091 7.300000288523734e-05 
0.024490000680089 -0.04219000041484833      0 
-0.1138250008225441 0.04079300165176392 -1.100000008591451e-05 
-0.1560000032186508 -0.1324999928474426      0 
0.04831599816679955 -0.07364600151777267      0 
-0.08071299642324448 -0.1039189994335175      0 
0.04816599935293198 -0.09970600157976151 7.999999979801942e-06 
0.05565899983048439 0.1544959992170334 0.009499999694526196 
0.0876300036907196 0.1225169971585274 0.009499999694526196 
0.0552930012345314 0.1229550018906593 0.009499999694526196 
0.08758600056171417 -0.1225690022110939 0.009494000114500523 
0.05567999929189682 -0.1225130036473274 0.009499999694526196 
0.05565999820828438 -0.1544830054044724 0.009499999694526196 
-0.05437500029802322 -0.1544770002365112 0.009499999694526196 
-0.08631999790668488 -0.1544860005378723 0.009499999694526196 
-0.08630800247192383 -0.1225830018520355 0.009494000114500523 
-0.05436500161886215 -0.1225140020251274 0.009499999694526196 
-0.05437500029802322 0.1544899940490723 0.009499999694526196 
-0.08455000072717667 0.1554740071296692 0.00950200017541647 
-0.05435999855399132 0.1225199997425079 0.009499999694526196 
-0.08633600175380707 0.1225140020251274 0.009499999694526196 
-0.1309999972581863 0.1574999988079071      0 
0.05665000155568123 0.1535000056028366 0.1344999969005585 
0.05665000155568123 0.1424999982118607 0.1344999969005585 
0.05752500146627426 0.1468749940395355 0.1344999969005585 
0.05665000155568123 0.1535000056028366 0.009499999694526196 
0.06327500194311142 0.1526249945163727 0.1344999969005585 
0.06764999777078629 0.1535000056028366 0.1344999969005585 
0.08002500236034393 0.1243750005960464 0.1344999969005585 
0.07564999908208847 0.1234999969601631 0.1344999969005585 
0.08664999902248383 0.1234999969601631 0.1344999969005585 
0.08577500283718109 0.1301250010728836 0.1344999969005585 
0.08664999902248383 0.1234999969601631 0.009499999694526196 
0.07401499897241592 0.138143002986908 0.1295540034770966 
0.07615000009536743 0.1347070038318634 0.1344999969005585 
0.07579600065946579 0.142645999789238 0.1344999969005585 
0.07006300240755081 0.1407130062580109 0.1331939995288849 
0.06750400364398956 0.142645999789238 0.1344999969005585 
0.06750400364398956 0.1343539953231812 0.1344999969005585 
0.0701259970664978 0.13612300157547 0.1344909965991974 
0.08001399785280228 0.1299590021371841 0.07199999690055847 
0.07544299960136414 0.1340000033378601 0.1344999969005585 
0.08664999902248383 0.1535000056028366 0.1344999969005585 
0.07564999908208847 0.1535000056028366 0.1344999969005585 
0.08002500236034393 0.1526249945163727 0.1344999969005585 
0.08664999902248383 0.1535000056028366 0.009499999694526196 
0.08577500283718109 0.1468749940395355 0.1344999969005585 
0.08664999902248383 0.1424999982118607 0.1344999969005585 
0.05665000155568123 0.1234999969601631 0.1344999969005585 
0.05665000155568123 0.1234999969601631 0.009499999694526196 
0.05752500146627426 0.1301250010728836 0.1344999969005585 
0.05665000155568123 0.1344999969005585 0.1344999969005585 
0.06327500194311142 0.1243750005960464 0.1344999969005585 
0.06764999777078629 0.1234999969601631 0.1344999969005585 
0.05752500146627426 0.1468749940395355 0.009499999694526196 
0.05665000155568123 0.1424999982118607 0.009499999694526196 
0.07564999908208847 0.1234999969601631 0.009499999694526196 
0.08002500236034393 0.1243750005960464 0.009499999694526196 
0.08577500283718109 0.1301250010728836 0.009499999694526196 
0.08664999902248383 0.1344999969005585 0.009499999694526196 
0.06750400364398956 0.142645999789238 0.009499999694526196 
0.07206899672746658 0.1406140029430389 0.01127300038933754 
0.07029099762439728 0.1365679949522018 0.01146600022912025 
0.06750400364398956 0.1343539953231812 0.009499999694526196 
0.07442499697208405 0.138702005147934 0.009495999664068222 
0.07579600065946579 0.142645999789238 0.009499999694526196 
0.07579600065946579 0.1343539953231812 0.009499999694526196 
0.05665000155568123 0.1344999969005585 0.009499999694526196 
0.05752500146627426 0.1301250010728836 0.009499999694526196 
0.06327500194311142 0.1243750005960464 0.009499999694526196 
0.06764999777078629 0.1234999969601631 0.009499999694526196 
0.08002500236034393 0.1526249945163727 0.009499999694526196 
0.07564999908208847 0.1535000056028366 0.009499999694526196 
0.08577500283718109 0.1468749940395355 0.009499999694526196 
0.08664999902248383 0.1424999982118607 0.009499999694526196 
0.06327500194311142 0.1526249945163727 0.009499999694526196 
0.06764999777078629 0.1535000056028366 0.009499999694526196 
0.06319700181484222 0.1469530016183853 0.07199999690055847 
0.06319700181484222 0.1300469934940338 0.07199999690055847 
0.08010300248861313 0.1469530016183853 0.07199999690055847 
-0.08534999936819077 0.1535000056028366 0.1344999969005585 
-0.08534999936819077 0.1424999982118607 0.1344999969005585 
-0.08447500318288803 0.1468749940395355 0.1344999969005585 
-0.08534999936819077 0.1535000056028366 0.009499999694526196 
-0.07872500270605087 0.1526249945163727 0.1344999969005585 
-0.07434999942779541 0.1535000056028366 0.1344999969005585 
-0.06197499856352806 0.1243750005960464 0.1344999969005585 
-0.06634999811649323 0.1234999969601631 0.1344999969005585 
-0.05534999817609787 0.1234999969601631 0.1344999969005585 
-0.05534999817609787 0.1344999969005585 0.1344999969005585 
-0.0562250018119812 0.1301250010728836 0.1344999969005585 
-0.05534999817609787 0.1234999969601631 0.009499999694526196 
-0.06847099959850311 0.138825997710228 0.134553000330925 
-0.06584999710321426 0.1347070038318634 0.1344999969005585 
-0.06620399653911591 0.142645999789238 0.1344999969005585 
-0.07114499807357788 0.1360329985618591 0.1307130008935928 
-0.07205100357532501 0.1404149979352951 0.1348199993371964 
-0.07449600100517273 0.142645999789238 0.1344999969005585 
-0.07449600100517273 0.1343539953231812 0.1344999969005585 
-0.0618089996278286 0.1301359981298447 0.1344999969005585 
-0.06655699759721756 0.1340000033378601 0.1344999969005585 
-0.05534999817609787 0.1535000056028366 0.1344999969005585 
-0.06634999811649323 0.1535000056028366 0.1344999969005585 
-0.06197499856352806 0.1526249945163727 0.1344999969005585 
-0.0562250018119812 0.1468749940395355 0.1344999969005585 
-0.05534999817609787 0.1424999982118607 0.1344999969005585 
-0.08534999936819077 0.1234999969601631 0.1344999969005585 
-0.08534999936819077 0.1234999969601631 0.009499999694526196 
-0.08447500318288803 0.1301250010728836 0.1344999969005585 
-0.08534999936819077 0.1344999969005585 0.1344999969005585 
-0.07872500270605087 0.1243750005960464 0.1344999969005585 
-0.07434999942779541 0.1234999969601631 0.1344999969005585 
-0.08447500318288803 0.1468749940395355 0.009499999694526196 
-0.08534999936819077 0.1424999982118607 0.009499999694526196 
-0.06634999811649323 0.1234999969601631 0.009499999694526196 
-0.06197499856352806 0.1243750005960464 0.009499999694526196 
-0.0562250018119812 0.1301250010728836 0.009499999694526196 
-0.05534999817609787 0.1344999969005585 0.009499999694526196 
-0.07449600100517273 0.142645999789238 0.009499999694526196 
-0.06847400218248367 0.1403879970312119 0.009600000455975533 
-0.07155299931764603 0.1396600008010864 0.01151899993419647 
-0.07449600100517273 0.1343539953231812 0.009499999694526196 
-0.06854599714279175 0.1371939927339554 0.01056999992579222 
-0.06620399653911591 0.142645999789238 0.009499999694526196 
-0.06620399653911591 0.1343539953231812 0.009499999694526196 
-0.08534999936819077 0.1344999969005585 0.009499999694526196 
-0.08447500318288803 0.1301250010728836 0.009499999694526196 
-0.07872500270605087 0.1243750005960464 0.009499999694526196 
-0.07434999942779541 0.1234999969601631 0.009499999694526196 
-0.05534999817609787 0.1535000056028366 0.009499999694526196 
-0.06197499856352806 0.1526249945163727 0.009499999694526196 
-0.06634999811649323 0.1535000056028366 0.009499999694526196 
-0.0562250018119812 0.1468749940395355 0.009499999694526196 
-0.05534999817609787 0.1424999982118607 0.009499999694526196 
-0.07872500270605087 0.1526249945163727 0.009499999694526196 
-0.07434999942779541 0.1535000056028366 0.009499999694526196 
-0.07880300283432007 0.1469530016183853 0.07199999690055847 
-0.07880300283432007 0.1300469934940338 0.07199999690055847 
-0.06198599934577942 0.1299590021371841 0.009499999694526196 
-0.06189699843525887 0.1469530016183853 0.07199999690055847 
-0.08534999936819077 -0.1535000056028366 0.1344999969005585 
-0.07434999942779541 -0.1535000056028366 0.1344999969005585 
-0.07872500270605087 -0.1526249945163727 0.1344999969005585 
-0.08447500318288803 -0.1468749940395355 0.1344999969005585 
-0.08534999936819077 -0.1424999982118607 0.1344999969005585 
-0.0562250018119812 -0.1301250010728836 0.1344999969005585 
-0.05534999817609787 -0.1344999969005585 0.1344999969005585 
-0.05534999817609787 -0.1234999969601631 0.1344999969005585 
-0.06634999811649323 -0.1234999969601631 0.1344999969005585 
-0.06197499856352806 -0.1243750005960464 0.1344999969005585 
-0.05534999817609787 -0.1234999969601631 0.009499999694526196 
-0.07164900004863739 -0.1369690001010895 0.1352829933166504 
-0.06655699759721756 -0.1340000033378601 0.1344999969005585 
-0.07449600100517273 -0.1343539953231812 0.1344999969005585 
-0.06810799986124039 -0.1387560069561005 0.1330810040235519 
-0.07051800191402435 -0.1410710066556931 0.1342400014400482 
-0.07449600100517273 -0.142645999789238 0.1344999969005585 
-0.06620399653911591 -0.142645999789238 0.1344999969005585 
-0.06198599934577942 -0.1299590021371841 0.1344999969005585 
-0.06584999710321426 -0.1347070038318634 0.1344999969005585 
-0.08534999936819077 -0.1234999969601631 0.1344999969005585 
-0.08534999936819077 -0.1344999969005585 0.1344999969005585 
-0.08447500318288803 -0.1301250010728836 0.1344999969005585 
-0.07872500270605087 -0.1243750005960464 0.1344999969005585 
-0.07434999942779541 -0.1234999969601631 0.1344999969005585 
-0.05534999817609787 -0.1535000056028366 0.1344999969005585 
-0.05534999817609787 -0.1535000056028366 0.009499999694526196 
-0.06197499856352806 -0.1526249945163727 0.1344999969005585 
-0.06634999811649323 -0.1535000056028366 0.1344999969005585 
-0.0562250018119812 -0.1468749940395355 0.1344999969005585 
-0.05534999817609787 -0.1424999982118607 0.1344999969005585 
-0.08534999936819077 -0.1535000056028366 0.009499999694526196 
-0.08534999936819077 -0.1424999982118607 0.009499999694526196 
-0.08447500318288803 -0.1468749940395355 0.009499999694526196 
-0.07872500270605087 -0.1526249945163727 0.009499999694526196 
-0.07434999942779541 -0.1535000056028366 0.009499999694526196 
-0.05534999817609787 -0.1344999969005585 0.009499999694526196 
-0.0562250018119812 -0.1301250010728836 0.009499999694526196 
-0.06197499856352806 -0.1243750005960464 0.009499999694526196 
-0.06634999811649323 -0.1234999969601631 0.009499999694526196 
-0.07243599742650986 -0.1393010020256042 0.0113730002194643 
-0.06620399653911591 -0.142645999789238 0.009499999694526196 
-0.07449600100517273 -0.142645999789238 0.009499999694526196 
-0.06991799920797348 -0.1362559944391251 0.01044499967247248 
-0.07449600100517273 -0.1343539953231812 0.009499999694526196 
-0.06620399653911591 -0.1343539953231812 0.009499999694526196 
-0.06634999811649323 -0.1535000056028366 0.009499999694526196 
-0.06197499856352806 -0.1526249945163727 0.009499999694526196 
-0.0562250018119812 -0.1468749940395355 0.009499999694526196 
-0.05534999817609787 -0.1424999982118607 0.009499999694526196 
-0.08534999936819077 -0.1234999969601631 0.009499999694526196 
-0.08447500318288803 -0.1301250010728836 0.009499999694526196 
-0.08534999936819077 -0.1344999969005585 0.009499999694526196 
-0.07872500270605087 -0.1243750005960464 0.009499999694526196 
-0.07434999942779541 -0.1234999969601631 0.009499999694526196 
-0.07871399819850922 -0.147040992975235 0.1344999969005585 
-0.07889100164175034 -0.1468639969825745 0.009499999694526196 
-0.06189699843525887 -0.1469530016183853 0.07199999690055847 
-0.0618089996278286 -0.1301359981298447 0.009499999694526196 
-0.07880300283432007 -0.1300469934940338 0.07199999690055847 
-0.01434999983757734 0.09300000220537186 0.1504999995231628 
0.01231400016695261 0.09300000220537186 0.1506070047616959 
0.00801599957048893 0.09300000220537186 0.2136240005493164 
-0.004453000146895647 0.09299000352621078 0.1950719952583313 
-0.004478999879211187 0.0932530015707016 0.1564079970121384 
-0.04133899882435799 0.0930040031671524 0.2004590034484863 
-0.01434999983757734 0.09300000220537186 0.2004999965429306 
-0.04921900108456612 0.09307300299406052 0.1952590048313141 
-0.0493060015141964 0.09300000220537186 0.1613080054521561 
-0.05934099853038788 0.0930040031671524 0.1568769961595535 
-0.04435199871659279 0.09300000220537186 0.140504002571106 
-0.040973000228405 0.09308499842882156 0.150735005736351 
-0.04434999823570251 0.09300000220537186 0.291839987039566 
-0.05253500118851662 0.09300000220537186 0.3889000117778778 
-0.05800500139594078 0.09300000220537186 0.3617439866065979 
-0.05934999883174896 0.09300000220537186 0.3371360003948212 
-0.004350000061094761 0.09300000220537186 0.390500009059906 
-0.004350000061094761 0.09300000220537186 0.3005000054836273 
0.008762000128626823 0.09300599992275238 0.2781310081481934 
-0.00976600032299757 0.09276600182056427 0.2906579971313477 
-0.00940799992531538 0.122868999838829 0.2903169989585876 
-0.03943099826574326 0.09299799799919128 0.4000619947910309 
-0.04179000109434128 0.09300000220537186 0.4289999902248383 
-0.009007000364363194 0.09301900118589401 0.4002569913864136 
-0.003894000081345439 0.09300000220537186 0.4135999977588654 
-0.01789500005543232 0.09298700094223022 0.4283390045166016 
-0.04932799935340881 0.09322600066661835 0.2981489896774292 
-0.04935000091791153 0.09300000220537186 0.3371360003948212 
-0.04772499948740005 0.09300000220537186 0.3619360029697418 
0.008786000311374664 0.0929969996213913 0.4146760106086731 
0.005650000181049109 0.09300000220537186 0.3005000054836273 
0.05678800120949745 0.0929969996213913 0.3776449859142303 
0.05065000057220459 0.09300000220537186 0.3371360003948212 
0.04075700044631958 0.09300000220537186 0.2905009984970093 
0.05057299882173538 0.0931129977107048 0.2950719892978668 
0.01250299997627735 0.09300000220537186 0.2905679941177368 
0.01070099975913763 0.1224720031023026 0.2906239926815033 
0.005650000181049109 0.09300000220537186 0.390500009059906 
0.04721999913454056 0.09298299998044968 0.3744359910488129 
0.01031100004911423 0.09286099672317505 0.4460529983043671 
0.01823600009083748 0.09299500286579132 0.427717000246048 
0.03464199975132942 0.09301500022411346 0.4604449868202209 
0.03795100003480911 0.09300100058317184 0.4001500010490417 
0.01161199994385242 0.09300199896097183 0.4003939926624298 
-0.02613599970936775 0.0941540002822876 0.4606010019779205 
-0.009707000106573105 0.09298499673604965 0.4453920125961304 
-0.04098699986934662 0.09300000220537186 0.4320000112056732 
-0.0167859997600317 0.09300000220537186 0.4320000112056732 
-0.03485399857163429 0.09299899637699127 0.4548270106315613 
0.005671000108122826 0.09299899637699127 0.1578579992055893 
0.005644999910145998 0.1087960004806519 0.1906130015850067 
0.01062200032174587 0.09302400052547455 0.2004040032625198 
0.05054900050163269 0.09295199811458588 0.1950680017471313 
0.05060100182890892 0.09300000220537186 0.161078006029129 
0.04531800001859665 0.09300299733877182 0.2106480002403259 
0.06064299866557121 0.09300000220537186 0.1564060002565384 
0.04064999893307686 0.09300000220537186 0.2004999965429306 
0.04207900166511536 0.09299500286579132 0.1511310040950775 
0.04565000161528587 0.09300000220537186 0.1404999941587448 
-0.01434999983757734 0.09300000220537186 0.2804999947547913 
-0.004387999884784222 0.09299600124359131 0.2750039994716644 
-0.0393499992787838 0.09300000220537186 0.2105000019073486 
-0.04928199946880341 0.09299100190401077 0.216062992811203 
-0.004459000192582607 0.09301000088453293 0.2152169942855835 
-0.01424300018697977 0.109094001352787 0.2105090022087097 
-0.04935000091791153 0.09300199896097183 0.2705149948596954 
0.05057699978351593 0.09297599643468857 0.2748140096664429 
0.05065000057220459 0.09300000220537186 0.2205000072717667 
0.01565000042319298 0.09300000220537186 0.2105000019073486 
0.005650000181049109 0.09300000220537186 0.2205000072717667 
0.005650000181049109 0.09300000220537186 0.2705000042915344 
0.03667499870061874 0.09275499731302261 0.2807509899139404 
-0.04396599903702736 0.09297999739646912 0.2803550064563751 
0.05988899990916252 0.1080000028014183 0.3545669913291931 
0.06064999848604202 0.09300000220537186 0.3371360003948212 
0.06064999848604202 0.1230000033974648 0.3371360003948212 
0.06064099818468094 0.1229929998517036 0.1566669940948486 
-0.05934299901127815 0.1230000033974648 0.1563069969415665 
-0.05934999883174896 0.1230000033974648 0.3371360003948212 
-0.03311999887228012 0.1229979991912842 0.4605090022087097 
-0.01806100085377693 0.1121729984879494 0.458406001329422 
0.03461999818682671 0.1230010017752647 0.4603950083255768 
0.01013899967074394 0.1229709982872009 0.2001080065965652 
0.008747999556362629 0.1230000033974648 0.2128890007734299 
0.04036299884319305 0.1230060011148453 0.400162011384964 
0.05674299970269203 0.1230039969086647 0.3779270052909851 
0.01853200048208237 0.1230129972100258 0.4356400072574615 
0.001815999974496663 0.1230209991335869 0.4485070109367371 
0.0407009981572628 0.1230000033974648 0.2905029952526093 
0.05051400139927864 0.123039998114109 0.2958939969539642 
0.05065000057220459 0.1230000033974648 0.3371360003948212 
0.04902499914169312 0.1230000033974648 0.3619360029697418 
0.01334500033408403 0.1230000033974648 0.4180150032043457 
0.0106199998408556 0.1230029985308647 0.4002220034599304 
9.300000237999484e-05 0.1230010017752647 0.4123409986495972 
-0.0167859997600317 0.1230000033974648 0.4320000112056732 
-0.04098699986934662 0.1230000033974648 0.4320000112056732 
-0.01342699956148863 0.1230000033974648 0.4414030015468597 
0.005650000181049109 0.1230000033974648 0.390500009059906 
0.005650000181049109 0.1230000033974648 0.3005000054836273 
-0.01255999971181154 0.1230000033974648 0.4185610115528107 
-0.01030199974775314 0.1229960024356842 0.4003809988498688 
-0.03987700119614601 0.1229450032114983 0.3997940123081207 
-0.04772499948740005 0.1230000033974648 0.3619360029697418 
-0.05253500118851662 0.1230000033974648 0.3889000117778778 
-0.04935000091791153 0.1230000033974648 0.3371360003948212 
-0.04434999823570251 0.1230000033974648 0.291839987039566 
-0.04935000091791153 0.1230000033974648 0.3005000054836273 
-0.0167820006608963 0.1230000033974648 0.4289880096912384 
-0.04179000109434128 0.1230000033974648 0.4289999902248383 
0.005650000181049109 0.1230029985308647 0.2706570029258728 
-0.004350000061094761 0.1230000033974648 0.3005000054836273 
-0.004350000061094761 0.1230000033974648 0.390500009059906 
-0.05760499835014343 0.1230000033974648 0.364782989025116 
-0.005373000167310238 0.1228990033268929 0.1999810039997101 
-0.004350000061094761 0.1230000033974648 0.1605000048875809 
-0.04915999993681908 0.1230230033397675 0.1949550062417984 
-0.04934100061655045 0.1229970008134842 0.1611070036888123 
-0.0399480015039444 0.1229989975690842 0.2004480063915253 
-0.04125599935650826 0.1230039969086647 0.151638001203537 
-0.04433599859476089 0.1229989975690842 0.1404969990253448 
-0.01434999983757734 0.1230000033974648 0.1504999995231628 
0.04526599869132042 0.1230090036988258 0.2003549933433533 
0.00570600014179945 0.1230000033974648 0.157029002904892 
0.01267699990421534 0.1230010017752647 0.1507049947977066 
0.04564300179481506 0.1229960024356842 0.1404989957809448 
0.042153000831604 0.1229489967226982 0.1507149934768677 
0.05062099918723106 0.1230000033974648 0.1613309979438782 
0.05065200105309486 0.1230000033974648 0.1905069947242737 
-0.04488199949264526 0.1229870021343231 0.2803040146827698 
-0.04935000091791153 0.1230000033974648 0.2705000042915344 
-0.04318400099873543 0.1230000033974648 0.2105610072612762 
-0.04935000091791153 0.1230000033974648 0.2205000072717667 
-0.004350000061094761 0.1230000033974648 0.2705000042915344 
-0.009734000079333782 0.1230560019612312 0.2803550064563751 
0.005650000181049109 0.1230000033974648 0.2205000072717667 
0.04506599903106689 0.1228780001401901 0.2105910032987595 
0.05065000057220459 0.1230000033974648 0.2205000072717667 
0.05065000057220459 0.1230000033974648 0.2705000042915344 
0.04526599869132042 0.1230169981718063 0.2803550064563751 
0.01025000028312206 0.1229140013456345 0.2802349925041199 
-0.004375999793410301 0.1229899972677231 0.2155400067567825 
-0.0230490006506443 0.1067370027303696 0.4313519895076752 
-0.03190900012850761 0.1084979996085167 0.4583060145378113 
0.06464999914169312 -0.1150000020861626 0.1805000007152557 
0.06464999914169312 0.1150000020861626 0.1704999953508377 
0.06464999914169312 0.1150000020861626 0.1805000007152557 
0.06464999914169312 -0.1150000020861626 0.1704999953508377 
0.06064999848604202 0.1150000020861626 0.1704999953508377 
0.06064999848604202 0.1150000020861626 0.1805000007152557 
0.06064999848604202 -0.1150000020861626 0.1805000007152557 
0.06064999848604202 -0.1150000020861626 0.1704999953508377 
-0.06334999948740005 0.1150000020861626 0.2504999935626984 
-0.06334999948740005 -0.1150000020861626 0.2405000030994415 
-0.06334999948740005 -0.1150000020861626 0.2504999935626984 
-0.06334999948740005 0.1150000020861626 0.2405000030994415 
-0.05934999883174896 -0.1150000020861626 0.2405000030994415 
-0.05934999883174896 -0.1150000020861626 0.2504999935626984 
-0.05934999883174896 0.1150000020861626 0.2504999935626984 
-0.05934999883174896 0.1150000020861626 0.2405000030994415 
-0.01329999975860119 0.1500000059604645 0.4265440106391907 
-0.01618600077927113 0.1500000059604645 0.4257259964942932 
-0.01340899989008904 0.1500000059604645 0.4340490102767944 
-0.01631800085306168 0.1500000059604645 0.4347839951515198 
-0.009751000441610813 0.1500000059604645 0.4406029880046844 
-0.01190199982374907 0.1500000059604645 0.4426940083503723 
-0.003306000027805567 0.1500000059604645 0.4444499909877777 
-0.004124000202864408 0.1500000059604645 0.4473359882831573 
0.00419900007545948 0.1500000059604645 0.4445590078830719 
0.004933999851346016 0.1500000059604645 0.4474680125713348 
0.01075300015509129 0.1500000059604645 0.4409010112285614 
0.01284400001168251 0.1500000059604645 0.4430519938468933 
0.01460000034421682 0.1500000059604645 0.4344559907913208 
0.01748600043356419 0.1500000059604645 0.4352740049362183 
0.0147089995443821 0.1500000059604645 0.426950991153717 
0.01761800050735474 0.1500000059604645 0.4262160062789917 
0.01105100009590387 0.1500000059604645 0.420397013425827 
0.0132020004093647 0.1500000059604645 0.4183059930801392 
0.004606000147759914 0.1500000059604645 0.4165500104427338 
0.005423999857157469 0.1500000059604645 0.4136640131473541 
-0.002898999955505133 0.1500000059604645 0.4164409935474396 
-0.003633999964222312 0.1500000059604645 0.4135319888591766 
-0.009452999569475651 0.1500000059604645 0.4200989902019501 
-0.01154400035738945 0.1500000059604645 0.4179480075836182 
-0.009751000441610813 -0.1500000059604645 0.4406029880046844 
-0.01190199982374907 -0.1500000059604645 0.4426940083503723 
-0.01340899989008904 -0.1500000059604645 0.4340490102767944 
-0.01631800085306168 -0.1500000059604645 0.4347839951515198 
-0.01329999975860119 -0.1500000059604645 0.4265440106391907 
-0.01618600077927113 -0.1500000059604645 0.4257259964942932 
-0.009452999569475651 -0.1500000059604645 0.4200989902019501 
-0.01154400035738945 -0.1500000059604645 0.4179480075836182 
-0.002898999955505133 -0.1500000059604645 0.4164409935474396 
-0.003633999964222312 -0.1500000059604645 0.4135319888591766 
0.004606000147759914 -0.1500000059604645 0.4165500104427338 
0.005423999857157469 -0.1500000059604645 0.4136640131473541 
0.01105100009590387 -0.1500000059604645 0.420397013425827 
0.0132020004093647 -0.1500000059604645 0.4183059930801392 
0.0147089995443821 -0.1500000059604645 0.426950991153717 
0.01761800050735474 -0.1500000059604645 0.4262160062789917 
0.01460000034421682 -0.1500000059604645 0.4344559907913208 
0.01748600043356419 -0.1500000059604645 0.4352740049362183 
0.01075300015509129 -0.1500000059604645 0.4409010112285614 
0.01284400001168251 -0.1500000059604645 0.4430519938468933 
0.00419900007545948 -0.1500000059604645 0.4445590078830719 
0.004933999851346016 -0.1500000059604645 0.4474680125713348 
-0.003306000027805567 -0.1500000059604645 0.4444499909877777 
-0.004124000202864408 -0.1500000059604645 0.4473359882831573 
-0.009452999569475651 -0.296999990940094 0.4200989902019501 
-0.002898999955505133 -0.296999990940094 0.4164409935474396 
0.004637999925762415 -0.2997510135173798 0.4165669977664948 
0.01105100009590387 -0.296999990940094 0.420397013425827 
0.0147089995443821 -0.296999990940094 0.426950991153717 
0.01460499968379736 -0.2999599874019623 0.4344330132007599 
0.01075300015509129 -0.296999990940094 0.4409010112285614 
0.00419900007545948 -0.296999990940094 0.4445590078830719 
-0.00329799996688962 -0.2999939918518066 0.4444499909877777 
-0.009751000441610813 -0.296999990940094 0.4406029880046844 
-0.01340899989008904 -0.296999990940094 0.4340490102767944 
-0.01329000014811754 -0.2999620139598846 0.4265249967575073 
-0.003326999954879284 0.2999660074710846 0.4444420039653778 
0.00419900007545948 0.296999990940094 0.4445590078830719 
0.01075300015509129 0.296999990940094 0.4409010112285614 
0.01459600031375885 0.2999919950962067 0.4344620108604431 
0.0147089995443821 0.296999990940094 0.426950991153717 
0.01105100009590387 0.296999990940094 0.420397013425827 
0.00458399998024106 0.2999680042266846 0.4165489971637726 
-0.002898999955505133 0.296999990940094 0.4164409935474396 
-0.009452999569475651 0.296999990940094 0.4200989902019501 
-0.01330200023949146 0.2997510135173798 0.4265809953212738 
-0.01340899989008904 0.296999990940094 0.4340490102767944 
-0.009751000441610813 0.296999990940094 0.4406029880046844 
-0.06334999948740005 0.1150000020861626 0.320499986410141 
-0.06334999948740005 -0.1150000020861626 0.3104999959468842 
-0.06334999948740005 -0.1150000020861626 0.320499986410141 
-0.06334999948740005 0.1150000020861626 0.3104999959468842 
-0.05934999883174896 -0.1150000020861626 0.3104999959468842 
-0.05934999883174896 -0.1150000020861626 0.320499986410141 
-0.05934999883174896 0.1150000020861626 0.320499986410141 
-0.05934999883174896 0.1150000020861626 0.3104999959468842 
0.06464999914169312 -0.1150000020861626 0.320499986410141 
0.06464999914169312 0.1150000020861626 0.3104999959468842 
0.06464999914169312 0.1150000020861626 0.320499986410141 
0.06464999914169312 -0.1150000020861626 0.3104999959468842 
0.06064999848604202 0.1150000020861626 0.3104999959468842 
0.06064999848604202 0.1150000020861626 0.320499986410141 
0.06064999848604202 -0.1150000020861626 0.320499986410141 
0.06064999848604202 -0.1150000020861626 0.3104999959468842 
0.04610700160264969 -0.1229709982872009 0.2001730054616928 
0.05065000057220459 -0.1230000033974648 0.1905000060796738 
0.04563799872994423 -0.1230010017752647 0.2105610072612762 
0.006924999877810478 -0.1230000033974648 0.1954459995031357 
-0.004424000158905983 -0.1230240017175674 0.1951059997081757 
-0.004406000021845102 -0.1230000033974648 0.1569480001926422 
-0.04371000081300735 -0.1230020001530647 0.2003899961709976 
-0.01434999983757734 -0.1230000033974648 0.2004999965429306 
-0.04935099929571152 -0.1230000033974648 0.1904979944229126 
-0.0493060015141964 -0.1230000033974648 0.1613080054521561 
-0.05934099853038788 -0.1229979991912842 0.1568769961595535 
-0.01129500009119511 -0.1229979991912842 0.1506039947271347 
0.04144499823451042 -0.1230000033974648 0.1505949944257736 
-0.04434999823570251 -0.1230000033974648 0.140502005815506 
-0.04099699854850769 -0.1229880005121231 0.1508560031652451 
-0.04299300163984299 -0.1230000033974648 0.2905589938163757 
-0.05253500118851662 -0.1230000033974648 0.3889000117778778 
-0.05800500139594078 -0.1230000033974648 0.3617439866065979 
-0.05934999883174896 -0.1230000033974648 0.3371360003948212 
-0.004350000061094761 -0.1230000033974648 0.390500009059906 
-0.004350000061094761 -0.1230000033974648 0.3005000054836273 
0.00873900018632412 -0.1229989975690842 0.2781080007553101 
-0.009796000085771084 -0.1230100020766258 0.2905929982662201 
-0.03943099826574326 -0.1230010017752647 0.4000619947910309 
-0.04179000109434128 -0.1230000033974648 0.4289999902248383 
-0.009007000364363194 -0.122980996966362 0.4002569913864136 
-0.001607000012882054 -0.1230010017752647 0.4127880036830902 
-0.01848799921572208 -0.1230389997363091 0.4280439913272858 
-0.04933600127696991 -0.1230000033974648 0.2978639900684357 
-0.04935000091791153 -0.1230000033974648 0.3371360003948212 
-0.04772499948740005 -0.1230000033974648 0.3619360029697418 
0.05674999952316284 -0.1230039969086647 0.3778960108757019 
0.05011200159788132 -0.1230000033974648 0.3542560040950775 
0.05065000057220459 -0.1230000033974648 0.300491988658905 
0.01013899967074394 -0.1229709982872009 0.2908920049667358 
0.005650000181049109 -0.1230000033974648 0.3005000054836273 
0.04526599869132042 -0.1230100020766258 0.2906450033187866 
0.005650000181049109 -0.1230000033974648 0.390500009059906 
0.009829999879002571 -0.1230000033974648 0.41560098528862 
0.04117099940776825 -0.1230010017752647 0.3996520042419434 
0.0129610002040863 -0.1230000033974648 0.4435589909553528 
0.01858999952673912 -0.1230050027370453 0.4282920062541962 
0.03460000082850456 -0.1230010017752647 0.4604359865188599 
0.01160500012338161 -0.1229979991912842 0.4003869891166687 
-0.03330200165510178 -0.1229979991912842 0.4601520001888275 
-0.006213999819010496 -0.1229699999094009 0.447638988494873 
-0.04098699986934662 -0.1230000033974648 0.4320000112056732 
-0.0167859997600317 -0.1230000033974648 0.4320000112056732 
0.005950999911874533 -0.1229960024356842 0.1517290025949478 
0.005659000016748905 -0.09338600188493729 0.1902189999818802 
0.05060100182890892 -0.1230000033974648 0.161078006029129 
0.06064299866557121 -0.1230000033974648 0.1563069969415665 
0.01313799992203712 -0.1230230033397675 0.2004729956388474 
0.04564600065350533 -0.1229960024356842 0.140504002571106 
-0.01434999983757734 -0.1230000033974648 0.2804999947547913 
-0.004387999884784222 -0.1230020001530647 0.2750039994716644 
-0.004350000061094761 -0.1230000033974648 0.2205000072717667 
-0.009734000079333782 -0.1230420023202896 0.210645005106926 
-0.04487999901175499 -0.1229579970240593 0.2106959968805313 
-0.04935000091791153 -0.1230000033974648 0.2205000072717667 
-0.04932200163602829 -0.1230010017752647 0.2736780047416687 
0.0450729988515377 -0.1229830011725426 0.2804130017757416 
0.05065000057220459 -0.1230000033974648 0.2705000042915344 
0.05065000057220459 -0.1230000033974648 0.2205000072717667 
0.01003700029104948 -0.1229420006275177 0.2108030021190643 
0.005650000181049109 -0.1230000033974648 0.2205000072717667 
0.005650000181049109 -0.1230000033974648 0.2705000042915344 
-0.04186199977993965 -0.1230219975113869 0.280472993850708 
0.05784000083804131 -0.09300500154495239 0.3735339939594269 
0.06064999848604202 -0.1230000033974648 0.3371360003948212 
0.06064999848604202 -0.09300000220537186 0.3371360003948212 
0.06063700094819069 -0.09300000220537186 0.1570959985256195 
-0.05934299901127815 -0.09300000220537186 0.1563069969415665 
-0.05934999883174896 -0.09300000220537186 0.3371360003948212 
-0.03316099941730499 -0.09301400184631348 0.4604690074920654 
-0.02790299989283085 -0.1092509999871254 0.4543980062007904 
-0.01914799958467484 -0.1025250032544136 0.4606469869613647 
-0.01769299991428852 -0.1127500012516975 0.4605019986629486 
0.03027099929749966 -0.09299899637699127 0.4604820013046265 
0.01044899970293045 -0.09308099746704102 0.2001720070838928 
-0.004389999900013208 -0.09300000220537186 0.1912019997835159 
0.03663599863648415 -0.09300000220537186 0.4530879855155945 
0.04573899880051613 -0.09300100058317184 0.2803739905357361 
0.005652999971061945 -0.09299899637699127 0.3937000036239624 
0.005650000181049109 -0.09300000220537186 0.3005000054836273 
-0.007445999886840582 -0.09300000220537186 0.2781110107898712 
0.01103399973362684 -0.09299500286579132 0.2906450033187866 
0.04617999866604805 -0.09309600293636322 0.290695995092392 
0.03705399855971336 -0.0930040031671524 0.4004130065441132 
0.04315299913287163 -0.09300699830055237 0.3912740051746368 
0.01671900041401386 -0.09300000220537186 0.4381699860095978 
0.007794999983161688 -0.09299200028181076 0.4466310143470764 
0.05065000057220459 -0.09300000220537186 0.3005000054836273 
0.05065000057220459 -0.09300000220537186 0.3371360003948212 
0.04902499914169312 -0.09300000220537186 0.3619360029697418 
0.0164560005068779 -0.0929889976978302 0.4215129911899567 
0.01245000027120113 -0.09300000220537186 0.4003939926624298 
0.00317499996162951 -0.09300000220537186 0.4131830036640167 
-0.0167859997600317 -0.09300000220537186 0.4320000112056732 
-0.04098699986934662 -0.09300000220537186 0.4320000112056732 
-0.01044000033289194 -0.09299200028181076 0.4451920092105865 
-0.01030199974775314 -0.09300500154495239 0.4003809988498688 
-0.01001400034874678 -0.0930119976401329 0.4161849915981293 
-0.03987700119614601 -0.09304899722337723 0.3997940123081207 
-0.04901399835944176 -0.09299500286579132 0.3541679978370667 
-0.05642199888825417 -0.09301000088453293 0.3732790052890778 
-0.04935000091791153 -0.09299899637699127 0.3004879951477051 
-0.01677799969911575 -0.09300000220537186 0.4289819896221161 
-0.04179000109434128 -0.09300000220537186 0.4289999902248383 
-0.04428400099277496 -0.09296999871730804 0.2906320095062256 
-0.008950999937951565 -0.09301699697971344 0.2907620072364807 
-0.004350000061094761 -0.09300000220537186 0.3005000054836273 
-0.004350000061094761 -0.09300000220537186 0.390500009059906 
-0.0393499992787838 -0.09300000220537186 0.2004999965429306 
-0.04915300011634827 -0.09294299781322479 0.1951660066843033 
-0.04397099837660789 -0.0929969996213913 0.210645005106926 
-0.04931300133466721 -0.09300199896097183 0.1609459966421127 
-0.01000299956649542 -0.09296700358390808 0.2003660053014755 
-0.04005299881100655 -0.09300100058317184 0.1505340039730072 
-0.04434100165963173 -0.09300100058317184 0.140501007437706 
0.05062099918723106 -0.09300000220537186 0.1613309979438782 
0.05065000057220459 -0.09300000220537186 0.1905000060796738 
0.04565099999308586 -0.09300100058317184 0.2004320025444031 
0.00570600014179945 -0.09300000220537186 0.1569540053606033 
0.01267100032418966 -0.0930040031671524 0.1505800038576126 
0.04565000161528587 -0.09300000220537186 0.1404999941587448 
0.04301799833774567 -0.09300299733877182 0.1514949947595596 
-0.04309500008821487 -0.09301500022411346 0.2804999947547913 
-0.04935000091791153 -0.09300000220537186 0.2705000042915344 
-0.04935000091791153 -0.09300000220537186 0.2205000072717667 
0.01565000042319298 -0.09300000220537186 0.2804999947547913 
0.005688000004738569 -0.09299799799919128 0.2750039994716644 
0.005650000181049109 -0.09300000220537186 0.2205000072717667 
0.01103499997407198 -0.09299799799919128 0.210645005106926 
0.04616099968552589 -0.09308700263500214 0.2108920067548752 
0.05065000057220459 -0.09300000220537186 0.2205000072717667 
0.05065000057220459 -0.09300000220537186 0.2705000042915344 
-0.004350000061094761 -0.09300000220537186 0.2205000072717667 
-0.008820000104606152 -0.09310600161552429 0.2106959968805313 
-0.004350000061094761 -0.09300000220537186 0.2705000042915344 
-0.004619999788701534 -0.09300000220537186 0.1515839993953705 
-0.02289300039410591 -0.107623003423214 0.4318189918994904 
-0.06334999948740005 0.1150000020861626 0.1805000007152557 
-0.06334999948740005 -0.1150000020861626 0.1704999953508377 
-0.06334999948740005 -0.1150000020861626 0.1805000007152557 
-0.06334999948740005 0.1150000020861626 0.1704999953508377 
-0.05934999883174896 -0.1150000020861626 0.1704999953508377 
-0.05934999883174896 -0.1150000020861626 0.1805000007152557 
-0.05934999883174896 0.1150000020861626 0.1805000007152557 
-0.05934999883174896 0.1150000020861626 0.1704999953508377 
0.06464999914169312 -0.1150000020861626 0.2504999935626984 
0.06464999914169312 0.1150000020861626 0.2405000030994415 
0.06464999914169312 0.1150000020861626 0.2504999935626984 
0.06464999914169312 -0.1150000020861626 0.2405000030994415 
0.06064999848604202 0.1150000020861626 0.2405000030994415 
0.06064999848604202 0.1150000020861626 0.2504999935626984 
0.06064999848604202 -0.1150000020861626 0.2504999935626984 
0.06064999848604202 -0.1150000020861626 0.2405000030994415 
3 173 608 203 
3 608 173 605 
3 146 7 141 
3 7 146 171 
3 146 173 171 
3 173 146 141 
3 430 123 118 
3 162 184 185 
3 184 162 171 
3 184 176 185 
3 7 6 141 
3 6 467 605 
3 6 173 141 
3 173 6 605 
3 467 463 605 
3 595 7 171 
3 162 592 171 
3 592 595 171 
3 612 461 118 
3 612 613 461 
3 603 602 605 
3 612 602 613 
3 613 602 461 
3 602 608 605 
3 602 463 461 
3 463 602 603 
3 461 478 118 
3 478 430 118 
3 430 478 461 
3 674 430 461 
3 430 674 123 
3 599 674 598 
3 175 173 203 
3 176 175 203 
3 184 175 176 
3 604 603 605 
3 463 604 605 
3 604 463 603 
3 674 672 598 
3 672 674 707 
3 601 592 162 
3 601 162 185 
3 123 601 185 
3 595 601 598 
3 592 601 595 
3 176 611 118 
3 611 612 118 
3 611 176 203 
3 608 611 203 
3 602 611 608 
3 611 602 612 
3 704 674 461 
3 175 167 173 
3 167 175 184 
3 173 167 171 
3 167 184 171 
3 596 595 598 
3 596 672 595 
3 595 661 7 
3 672 661 595 
3 661 711 467 
3 711 661 672 
3 600 599 598 
3 601 600 598 
3 600 674 599 
3 674 600 123 
3 600 601 123 
3 674 706 707 
3 704 706 674 
3 706 672 707 
3 706 708 672 
3 672 597 598 
3 597 596 598 
3 596 597 672 
3 423 711 672 
3 708 423 672 
3 423 463 467 
3 711 423 467 
3 706 423 708 
3 698 6 7 
3 661 698 7 
3 6 698 467 
3 698 661 467 
3 426 423 706 
3 426 704 461 
3 426 706 704 
3 463 426 461 
3 423 426 463 
3 123 176 118 
3 176 123 185 
Vertices and facets:
- p173(v12):  0.09  0.16     0
  neighbors: f35 f37 f60 f61 f100 f101 f143 f178 f180
- p608(v11): 0.0046   0.3  0.42
  neighbors: f35 f37 f130 f172 f173
- p203(v6): -0.13  0.16     0
  neighbors: f35 f143 f145 f171 f172
- p605(v3): 0.015   0.3  0.43
  neighbors: f37 f99 f101 f102 f127 f130 f147 f148
- p146(v18):  0.09 -0.15 0.012
  neighbors: f58 f59 f60 f61
- p7(v9):  0.09 -0.16  0.14
  neighbors: f58 f59 f97 f109 f195 f223 f224
- p141(v1):  0.09  0.15 0.012
  neighbors: f58 f61 f97 f100
- p171(v5):  0.09 -0.16     0
  neighbors: f59 f60 f94 f109 f115 f116 f180 f181
- p430(v23): -0.035 0.093  0.45
  neighbors: f82 f135 f136 f138 f139
- p123(v15): -0.16 -0.13 0.012
  neighbors: f82 f139 f161 f204 f205 f233 f234
- p118(v0): -0.16  0.13 0.012
  neighbors: f82 f125 f134 f135 f169 f170 f233
- p184(v25): -0.11 0.041 -1.1e-05
  neighbors: f91 f94 f96 f146 f179 f181
- p162(v14): -0.13 -0.16     0
  neighbors: f91 f94 f115 f158 f159
- p185(v8): -0.16 -0.13     0
  neighbors: f91 f96 f159 f161 f234
- p176(v16): -0.16  0.13     0
  neighbors: f96 f145 f146 f169 f171 f233 f234
- p6(v26):  0.09  0.16  0.14
  neighbors: f97 f99 f100 f101 f223 f225
- p467(v17): 0.057  0.12  0.38
  neighbors: f99 f102 f199 f218 f219 f225 f226
- p463(v27): 0.035  0.12  0.46
  neighbors: f102 f132 f133 f148 f149 f218 f230 f231
- p595(v28): 0.015  -0.3  0.43
  neighbors: f109 f116 f162 f163 f182 f184 f195 f196
- p592(v29): 0.0046  -0.3  0.42
  neighbors: f115 f116 f158 f163
- p612(v30): -0.013   0.3  0.43
  neighbors: f125 f126 f128 f170 f174
- p461(v7): -0.033  0.12  0.46
  neighbors: f125 f126 f129 f132 f134 f136 f138 f176 f228 f230
- p613(v20): -0.0098   0.3  0.44
  neighbors: f126 f128 f129
- p602(v31): -0.0033   0.3  0.44
  neighbors: f127 f128 f129 f130 f132 f133 f173 f174
- p603(v22): 0.0042   0.3  0.44
  neighbors: f127 f133 f147 f149
- p478(v32): -0.041  0.12  0.43
  neighbors: f134 f135 f136
- p674(v33): -0.033 -0.12  0.46
  neighbors: f138 f139 f142 f150 f151 f176 f203 f204 f206 f207
- p599(v24): -0.0098  -0.3  0.44
  neighbors: f142 f201 f203
- p598(v2): -0.0033  -0.3  0.44
  neighbors: f142 f150 f162 f182 f201 f202 f213 f214
- p175(v34): -0.13  0.16 -2e-06
  neighbors: f143 f145 f146 f178 f179
- p604(v35): 0.011   0.3  0.44
  neighbors: f147 f148 f149
- p672(v36): 0.035 -0.12  0.46
  neighbors: f150 f151 f184 f196 f200 f211 f212 f213 f215 f216 f217
- p707(v21): -0.018 -0.11  0.46
  neighbors: f151 f206 f211
- p601(v37): -0.013  -0.3  0.43
  neighbors: f158 f159 f161 f162 f163 f202 f205
- p611(v39): -0.013   0.3  0.43
  neighbors: f169 f170 f171 f172 f173 f174
- p704(v40): -0.033 -0.093  0.46
  neighbors: f176 f207 f228 f229
- p167(v41): 0.036  0.12 -5e-06
  neighbors: f178 f179 f180 f181
- p596(v42): 0.011  -0.3  0.44
  neighbors: f182 f184 f214 f215
- p661(v46): 0.057 -0.12  0.38
  neighbors: f195 f196 f199 f200 f224 f226
- p711(v44): 0.037 -0.093  0.45
  neighbors: f199 f200 f216 f219
- p600(v47): -0.013  -0.3  0.43
  neighbors: f201 f202 f203 f204 f205
- p706(v48): -0.019  -0.1  0.46
  neighbors: f206 f207 f211 f212 f220 f227 f229
- p708(v43):  0.03 -0.093  0.46
  neighbors: f212 f217 f220
- p597(v49): 0.0042  -0.3  0.44
  neighbors: f213 f214 f215
- p423(v50): 0.035 0.093  0.46
  neighbors: f216 f217 f218 f219 f220 f227 f231
- p698(v51): 0.058 -0.093  0.37
  neighbors: f223 f224 f225 f226
- p426(v52): -0.026 0.094  0.46
  neighbors: f227 f228 f229 f230 f231
- f35
    - flags: top simplicial tested
    - normal:  8.549e-06   0.9462  -0.3236
    - offset: -0.1490235
    - center: -0.01213899984334906 0.2049886683622996 0.1388496657212575 
    - vertices: p173(v12) p608(v11) p203(v6)
    - neighboring facets: f172 f143 f37
    - ridges:
- f37
    - flags: bottom simplicial tested
    - normal:     0.397   0.8903  -0.2231
    - offset: -0.1759492
    - center: 0.03639299934729935 0.2524860004583995 0.2836703360080719 
    - vertices: p173(v12) p608(v11) p605(v3)
    - neighboring facets: f130 f101 f35
- f58
    - flags: top simplicial tested
    - normal:         1       -0 0.002732
    - offset: -0.09003245
    - center: 0.08988300214211146 -0.05249866843223572 0.05483333145578703 
    - vertices: p146(v18) p7(v9) p141(v1)
    - neighboring facets: f97 f61 f59
- f59
    - flags: bottom simplicial tested
    - normal:         1 -0.006366 0.002484
    - offset: -0.09099855
    - center: 0.0898823340733846 -0.1558310041824977 0.05083333142101765 
    - vertices: p146(v18) p7(v9) p171(v5)
    - neighboring facets: f109 f60 f58
- f60
    - flags: top simplicial tested
    - normal:         1 -3.17e-06 -0.0001657
    - offset: -0.0899985
    - center: 0.08999900023142496 -0.05083300173282623 0.004000000034769376 
    - vertices: p146(v18) p173(v12) p171(v5)
    - neighboring facets: f180 f59 f61
    - ridges:
- f61
    - flags: bottom simplicial tested
    - normal:         1       -0 -8.382e-05
    - offset:  -0.089999
    - center: 0.08999966830015182 0.05249933401743571 0.008000000069538752 
    - vertices: p146(v18) p173(v12) p141(v1)
    - neighboring facets: f100 f58 f60
- f82
    - flags: top simplicial tested seen
    - normal:   -0.9646        0   0.2639
    - offset: -0.1536373
    - center: -0.1156180016696453 0.03099966545899709 0.1596090036133925 
    - vertices: p430(v23) p123(v15) p118(v0)
    - neighboring facets: f233 f135 f139
    - ridges:
- f91
    - flags: bottom simplicial tested
    - normal:  -5.108e-05 -5.105e-05       -1
    - offset: -1.473166e-05
    - center: -0.1336146667599678 -0.08306799829006195 -3.666666695304837e-06 
    - vertices: p184(v25) p162(v14) p185(v8)
    - neighboring facets: f159 f96 f94
- f94
    - flags: top simplicial tested
    - normal:         0 -5.547e-05       -1
    - offset: -8.737037e-06
    - center: -0.05161533256371816 -0.09140033523241679 -3.666666695304836e-06 
    - vertices: p184(v25) p162(v14) p171(v5)
    - neighboring facets: f115 f181 f91
- f96
    - flags: top simplicial tested seen
    - normal:  -0.0002608        0       -1
    - offset: -4.068761e-05
    - center: -0.1419416690866152 0.01359766721725464 -3.666666695304835e-06 
    - vertices: p184(v25) p176(v16) p185(v8)
    - neighboring facets: f234 f91 f146
    - ridges:
- f97
    - flags: bottom simplicial
    - normal:         1 6.339e-06 0.002747
    - offset: -0.09003359
    - vertices: p6(v26) p7(v9) p141(v1)
    - neighboring facets: f58 f100 f223
- f99
    - flags: top simplicial
    - normal:    0.9705   0.1798   0.1606
    - offset: -0.1378864
    - vertices: p6(v26) p467(v17) p605(v3)
    - neighboring facets: f102 f101 f225
- f100
    - flags: top simplicial
    - normal:         1 0.006217 0.002506
    - offset: -0.09097616
    - vertices: p6(v26) p173(v12) p141(v1)
    - neighboring facets: f61 f97 f101
- f101
    - flags: bottom simplicial
    - normal:    0.8867   0.4624 0.002248
    - offset: -0.1526213
    - vertices: p6(v26) p173(v12) p605(v3)
    - neighboring facets: f37 f99 f100
- f102
    - flags: bottom simplicial
    - normal:    0.9555   0.1457   0.2563
    - offset: -0.1690167
    - vertices: p463(v27) p467(v17) p605(v3)
    - neighboring facets: f99 f148 f218
- f109
    - flags: top simplicial
    - normal:    0.8866  -0.4625 0.002206
    - offset: -0.1526345
    - vertices: p595(v28) p7(v9) p171(v5)
    - neighboring facets: f59 f116 f195
- f115
    - flags: bottom simplicial
    - normal:        -0  -0.9463  -0.3232
    - offset:  -0.149046
    - center: -0.01212766564761599 -0.2049150069554647 0.1388556659221649 
    - vertices: p592(v29) p162(v14) p171(v5)
    - neighboring facets: f94 f116 f158
- f116
    - flags: top simplicial
    - normal:    0.3866  -0.8941  -0.2261
    - offset: -0.1756104
    - center: 0.03641366632655264 -0.2524026681979497 0.2836666703224182 
    - vertices: p592(v29) p595(v28) p171(v5)
    - neighboring facets: f109 f115 f163
- f125
    - flags: top simplicial tested
    - normal:    -0.953   0.1481   0.2642
    - offset: -0.1714693
    - center: -0.06750966732700667 0.1841659943262736 0.3021860041966041 
    - vertices: p612(v30) p461(v7) p118(v0)
    - neighboring facets: f134 f170 f126
- f126
    - flags: top simplicial tested
    - normal:   -0.8604   0.1705   0.4802
    - offset: -0.2706163
    - center: -0.01875999973465999 0.2389993270238241 0.4450536668300629 
    - vertices: p612(v30) p613(v20) p461(v7)
    - neighboring facets: f129 f125 f128
- f127
    - flags: bottom simplicial
    - normal:    0.3008   0.7846   0.5422
    - offset: -0.4753208
    - vertices: p602(v31) p603(v22) p605(v3)
    - neighboring facets: f147 f130 f133
- f128
    - flags: bottom simplicial
    - normal:   -0.5427   0.7834   0.3029
    - offset: -0.3714223
    - center: -0.008829000095526377 0.2979886631170909 0.4396980007489522 
    - vertices: p602(v31) p612(v30) p613(v20)
    - neighboring facets: f126 f129 f174
- f129
    - flags: bottom simplicial
    - normal:   -0.5617   0.1681   0.8101
    - offset:  -0.412325
    - vertices: p602(v31) p613(v20) p461(v7)
    - neighboring facets: f126 f132 f128
- f130
    - flags: top simplicial
    - normal:  -0.001675        1 -0.0004033
    - offset: -0.2997919
    - center: 0.005284333446373542 0.2999753355979919 0.4318176706631978 
    - vertices: p602(v31) p608(v11) p605(v3)
    - neighboring facets: f37 f127 f173
- f132
    - flags: top simplicial
    - normal:  0.001672  0.09014   0.9959
    - offset: -0.4696653
    - vertices: p602(v31) p463(v27) p461(v7)
    - neighboring facets: f230 f129 f133
- f133
    - flags: bottom simplicial
    - normal:   0.02172  0.09438   0.9953
    - offset: -0.4705918
    - vertices: p602(v31) p463(v27) p603(v22)
    - neighboring facets: f149 f127 f132
- f134
    - flags: bottom simplicial
    - normal:   -0.9601  0.08974   0.2649
    - offset:  -0.164842
    - vertices: p478(v32) p461(v7) p118(v0)
    - neighboring facets: f125 f135 f136
- f135
    - flags: top simplicial
    - normal:   -0.9645 0.003858   0.2642
    - offset: -0.1541376
    - vertices: p478(v32) p430(v23) p118(v0)
    - neighboring facets: f82 f134 f136
- f136
    - flags: bottom simplicial
    - normal:    -0.964 0.005336    0.266
    - offset: -0.1550792
    - vertices: p478(v32) p430(v23) p461(v7)
    - neighboring facets: f138 f134 f135
- f138
    - flags: top simplicial
    - normal:   -0.9569 0.0002864   0.2905
    - offset: -0.1655056
    - vertices: p674(v33) p430(v23) p461(v7)
    - neighboring facets: f136 f176 f139
- f139
    - flags: bottom simplicial
    - normal:   -0.9645 -0.0004199   0.2641
    - offset: -0.1536868
    - center: -0.07471866781512897 -0.05416633188724518 0.3089930036415656 
    - vertices: p674(v33) p430(v23) p123(v15)
    - neighboring facets: f82 f204 f138
- f142
    - flags: bottom simplicial
    - normal:   -0.5609   -0.167   0.8109
    - offset: -0.4123431
    - center: -0.01545033402120074 -0.2399973273277283 0.4484016597270966 
    - vertices: p674(v33) p599(v24) p598(v2)
    - neighboring facets: f201 f150 f203
- f143
    - flags: top simplicial
    - normal:  3.36e-06   0.3719  -0.9283
    - offset: -0.05857659
    - vertices: p175(v34) p173(v12) p203(v6)
    - neighboring facets: f35 f145 f178
- f145
    - flags: bottom simplicial
    - normal:   -0.1161   0.1161  -0.9864
    - offset: -0.03350525
    - center: -0.1393293341000875 0.1491649995247523 -6.666666649811576e-07 
    - vertices: p175(v34) p176(v16) p203(v6)
    - neighboring facets: f171 f143 f146
- f146
    - flags: bottom simplicial
    - normal:  -0.0001369 5.698e-05       -1
    - offset: -2.890812e-05
    - vertices: p175(v34) p184(v25) p176(v16)
    - neighboring facets: f96 f145 f179
- f147
    - flags: top simplicial
    - normal:     0.304   0.7816   0.5446
    - offset: -0.4755468
    - vertices: p604(v35) p603(v22) p605(v3)
    - neighboring facets: f127 f148 f149
- f148
    - flags: bottom simplicial
    - normal:    0.8079   0.1739    0.563
    - offset: -0.3085696
    - vertices: p604(v35) p463(v27) p605(v3)
    - neighboring facets: f102 f147 f149
- f149
    - flags: top simplicial
    - normal:    0.4809   0.1625   0.8616
    - offset: -0.4333091
    - vertices: p604(v35) p463(v27) p603(v22)
    - neighboring facets: f133 f147 f148
- f150
    - flags: bottom simplicial
    - normal:  -0.00417 -0.08907    0.996
    - offset: -0.4694131
    - vertices: p672(v36) p674(v33) p598(v2)
    - neighboring facets: f142 f213 f151
- f151
    - flags: top simplicial
    - normal:  -0.004182 -0.02777   0.9996
    - offset: -0.4635254
    - vertices: p672(v36) p674(v33) p707(v21)
    - neighboring facets: f206 f211 f150
- f158
    - flags: top simplicial tested
    - normal:   -0.1431  -0.9499  -0.2778
    - offset: -0.1683607
    - center: -0.04655699882035454 -0.2524033437172572 0.281030664841334 
    - vertices: p601(v37) p592(v29) p162(v14)
    - neighboring facets: f115 f159 f163
- f159
    - flags: top simplicial tested
    - normal:   -0.7067  -0.7063 -0.04084
    - offset: -0.2038354
    - center: -0.1001029998684923 -0.1966530034939448 0.1421749989191691 
    - vertices: p601(v37) p162(v14) p185(v8)
    - neighboring facets: f91 f161 f158
- f161
    - flags: bottom simplicial tested seen
    - normal:   -0.7611  -0.6486       -0
    - offset: -0.2046757
    - center: -0.1084300021951397 -0.1883206665515899 0.1461749989539385 
    - vertices: p601(v37) p123(v15) p185(v8)
    - neighboring facets: f234 f159 f205
    - ridges:
- f162
    - flags: bottom simplicial tested
    - normal:  0.000687       -1 -0.002167
    - offset: -0.2990279
    - center: -0.0006610001437366009 -0.2999719977378845 0.4351360003153483 
    - vertices: p601(v37) p595(v28) p598(v2)
    - neighboring facets: f182 f202 f163
- f163
    - flags: bottom simplicial tested
    - normal:  0.004025  -0.9999 -0.01394
    - offset: -0.2939308
    - center: 0.001984333153814077 -0.2998910049597422 0.4258416692415873 
    - vertices: p601(v37) p592(v29) p595(v28)
    - neighboring facets: f116 f162 f158
- f169
    - flags: bottom simplicial tested seen
    - normal:   -0.7607   0.6491       -0
    - offset: -0.2046755
    - center: -0.1084340022255976 0.1882503330707549 0.1461936651418606 
    - vertices: p611(v39) p176(v16) p118(v0)
    - neighboring facets: f233 f170 f171
    - ridges:
- f170
    - flags: top simplicial tested
    - normal:   -0.8979   0.4171   0.1408
    - offset: -0.1970261
    - center: -0.06090366778274377 0.2430836657683055 0.2908766685674588 
    - vertices: p611(v39) p612(v30) p118(v0)
    - neighboring facets: f125 f169 f174
- f171
    - flags: top simplicial tested
    - normal:   -0.7065   0.7065 -0.04067
    - offset: -0.2038316
    - center: -0.1001006669054429 0.1965836683909098 0.1421936651070913 
    - vertices: p611(v39) p176(v16) p203(v6)
    - neighboring facets: f145 f172 f169
- f172
    - flags: bottom simplicial tested
    - normal:   -0.1636   0.9485  -0.2712
    - offset: -0.1708247
    - center: -0.04657266583914556 0.2524063388506571 0.2810433308283488 
    - vertices: p611(v39) p608(v11) p203(v6)
    - neighboring facets: f35 f171 f173
- f173
    - flags: bottom simplicial tested
    - normal:  -0.01438   0.9999 -0.004006
    - offset: -0.2981999
    - center: -0.004015000071376562 0.2998950084050496 0.4291906654834747 
    - vertices: p611(v39) p602(v31) p608(v11)
    - neighboring facets: f130 f172 f174
- f174
    - flags: top simplicial tested
    - normal:   -0.5301   0.7981   0.2864
    - offset: -0.3684705
    - center: -0.01001266669481992 0.2989056706428528 0.4350240031878154 
    - vertices: p611(v39) p602(v31) p612(v30)
    - neighboring facets: f128 f170 f173
- f176
    - flags: top simplicial
    - normal:   -0.9172 0.0001003   0.3985
    - offset: -0.2138872
    - vertices: p704(v40) p674(v33) p461(v7)
    - neighboring facets: f138 f228 f207
- f178
    - flags: bottom simplicial
    - normal:  9.049e-06 0.0001202       -1
    - offset: -1.973776e-05
    - vertices: p167(v41) p175(v34) p173(v12)
    - neighboring facets: f143 f180 f179
- f179
    - flags: top simplicial
    - normal:  -6.369e-07 7.703e-05       -1
    - offset: -1.421461e-05
    - vertices: p167(v41) p175(v34) p184(v25)
    - neighboring facets: f146 f181 f178
- f180
    - flags: bottom simplicial
    - normal:  9.305e-05 -2.949e-10       -1
    - offset: -8.374777e-06
    - vertices: p167(v41) p173(v12) p171(v5)
    - neighboring facets: f60 f181 f178
- f181
    - flags: top simplicial
    - normal:  4.489e-05 -9.328e-06       -1
    - offset: -5.509462e-06
    - vertices: p167(v41) p184(v25) p171(v5)
    - neighboring facets: f94 f180 f179
- f182
    - flags: top simplicial
    - normal:    0.3037  -0.7849   0.5401
    - offset: -0.4745044
    - vertices: p596(v42) p595(v28) p598(v2)
    - neighboring facets: f162 f214 f184
- f184
    - flags: top simplicial
    - normal:    0.8091  -0.1739   0.5614
    - offset: -0.3078816
    - vertices: p596(v42) p672(v36) p595(v28)
    - neighboring facets: f196 f182 f215
- f195
    - flags: bottom simplicial
    - normal:    0.9705  -0.1798   0.1606
    - offset: -0.1378926
    - vertices: p661(v46) p595(v28) p7(v9)
    - neighboring facets: f109 f224 f196
- f196
    - flags: bottom simplicial
    - normal:    0.9555  -0.1456   0.2564
    - offset: -0.1690436
    - vertices: p661(v46) p672(v36) p595(v28)
    - neighboring facets: f184 f195 f200
- f199
    - flags: top simplicial
    - normal:     0.966 -5.071e-06   0.2584
    - offset: -0.1524781
    - vertices: p661(v46) p711(v44) p467(v17)
    - neighboring facets: f219 f226 f200
- f200
    - flags: bottom simplicial
    - normal:    0.9658 -0.002064   0.2592
    - offset: -0.1530092
    - vertices: p661(v46) p711(v44) p672(v36)
    - neighboring facets: f216 f196 f199
- f201
    - flags: top simplicial
    - normal:   -0.5439  -0.7823   0.3036
    - offset: -0.3714043
    - vertices: p600(v47) p599(v24) p598(v2)
    - neighboring facets: f142 f202 f203
- f202
    - flags: bottom simplicial
    - normal:   -0.5416  -0.7851   0.3005
    - offset: -0.3708681
    - vertices: p600(v47) p601(v37) p598(v2)
    - neighboring facets: f162 f201 f205
- f203
    - flags: top simplicial
    - normal:   -0.8604  -0.1704   0.4802
    - offset: -0.2705949
    - vertices: p600(v47) p674(v33) p599(v24)
    - neighboring facets: f142 f201 f204
- f204
    - flags: bottom simplicial
    - normal:    -0.953  -0.1486   0.2641
    - offset: -0.1715208
    - vertices: p600(v47) p674(v33) p123(v15)
    - neighboring facets: f139 f205 f203
- f205
    - flags: top simplicial
    - normal:   -0.9017   -0.407    0.146
    - offset: -0.1963451
    - vertices: p600(v47) p601(v37) p123(v15)
    - neighboring facets: f161 f204 f202
- f206
    - flags: bottom simplicial
    - normal:  -0.01199 -0.01588   0.9998
    - offset: -0.4624138
    - vertices: p706(v48) p674(v33) p707(v21)
    - neighboring facets: f151 f211 f207
- f207
    - flags: bottom simplicial
    - normal:  -0.01981 -0.01048   0.9997
    - offset: -0.4619847
    - vertices: p706(v48) p704(v40) p674(v33)
    - neighboring facets: f176 f206 f229
- f211
    - flags: top simplicial
    - normal:  -0.001561  -0.0144   0.9999
    - offset: -0.4621049
    - vertices: p706(v48) p672(v36) p707(v21)
    - neighboring facets: f151 f206 f212
- f212
    - flags: top simplicial
    - normal:  0.003536 -0.001024        1
    - offset: -0.4606811
    - vertices: p706(v48) p708(v43) p672(v36)
    - neighboring facets: f217 f211 f220
- f213
    - flags: bottom simplicial
    - normal:   0.02343  -0.0949   0.9952
    - offset: -0.4707148
    - vertices: p597(v49) p672(v36) p598(v2)
    - neighboring facets: f150 f214 f215
- f214
    - flags: top simplicial
    - normal:    0.3041  -0.7814   0.5449
    - offset: -0.4755962
    - vertices: p597(v49) p596(v42) p598(v2)
    - neighboring facets: f182 f213 f215
- f215
    - flags: bottom simplicial
    - normal:    0.4809  -0.1626   0.8616
    - offset: -0.4333426
    - vertices: p597(v49) p596(v42) p672(v36)
    - neighboring facets: f184 f213 f214
- f216
    - flags: top simplicial
    - normal:    0.9639 -0.0001985   0.2663
    - offset: -0.1559749
    - vertices: p423(v50) p711(v44) p672(v36)
    - neighboring facets: f200 f217 f219
- f217
    - flags: bottom simplicial
    - normal:   0.01033 -4.367e-05   0.9999
    - offset: -0.4607741
    - vertices: p423(v50) p708(v43) p672(v36)
    - neighboring facets: f212 f216 f220
- f218
    - flags: top simplicial
    - normal:    0.9658 0.001141   0.2591
    - offset: -0.1528666
    - vertices: p423(v50) p463(v27) p467(v17)
    - neighboring facets: f102 f219 f231
- f219
    - flags: bottom simplicial
    - normal:    0.9659 0.0001206   0.2588
    - offset: -0.1526158
    - vertices: p423(v50) p711(v44) p467(v17)
    - neighboring facets: f199 f218 f216
- f220
    - flags: bottom simplicial
    - normal:  0.003315 0.0001211        1
    - offset: -0.4605686
    - vertices: p423(v50) p706(v48) p708(v43)
    - neighboring facets: f212 f217 f227
- f223
    - flags: top simplicial
    - normal:    0.9908 6.281e-06   0.1352
    - offset: -0.1078261
    - vertices: p698(v51) p6(v26) p7(v9)
    - neighboring facets: f97 f224 f225
- f224
    - flags: bottom simplicial
    - normal:    0.9901 -0.01569   0.1395
    - offset: -0.1108313
    - vertices: p698(v51) p661(v46) p7(v9)
    - neighboring facets: f195 f223 f226
- f225
    - flags: bottom simplicial
    - normal:    0.9905 0.002232   0.1376
    - offset: -0.1084773
    - vertices: p698(v51) p6(v26) p467(v17)
    - neighboring facets: f99 f226 f223
- f226
    - flags: top simplicial
    - normal:    0.9702 -2.936e-06   0.2424
    - offset:  -0.146664
    - vertices: p698(v51) p661(v46) p467(v17)
    - neighboring facets: f199 f225 f224
- f227
    - flags: top simplicial
    - normal:  0.002573 0.0003252        1
    - offset: -0.4605628
    - vertices: p426(v52) p423(v50) p706(v48)
    - neighboring facets: f220 f229 f231
- f228
    - flags: top simplicial
    - normal:  -0.01393 -0.0001825   0.9999
    - offset: -0.4609031
    - vertices: p426(v52) p704(v40) p461(v7)
    - neighboring facets: f176 f230 f229
- f229
    - flags: top simplicial
    - normal:  -0.01285 -0.0002228   0.9999
    - offset: -0.4608779
    - vertices: p426(v52) p706(v48) p704(v40)
    - neighboring facets: f207 f228 f227
- f230
    - flags: bottom simplicial
    - normal:  0.001683 0.003597        1
    - offset: -0.4608921
    - vertices: p426(v52) p463(v27) p461(v7)
    - neighboring facets: f132 f228 f231
- f231
    - flags: bottom simplicial
    - normal:  0.002598 0.001669        1
    - offset:  -0.460688
    - vertices: p426(v52) p423(v50) p463(v27)
    - neighboring facets: f218 f230 f227
- f233
    - flags: bottom simplicial tricoplanar keepcentrum
    - owner of normal & centrum is facet f233
    - normal:        -1        0        0
    - offset:     -0.156
    - center: -0.1560000032186508      0 0.006000000052154064 
    - vertices: p176(v16) p123(v15) p118(v0)
    - neighboring facets: f82 f169 f234
- f234
    - flags: top simplicial tricoplanar
    - owner of normal & centrum is facet f233
    - normal:        -1        0        0
    - offset:     -0.156
    - center: -0.1560000032186508      0 0.006000000052154064 
    - vertices: p176(v16) p123(v15) p185(v8)
    - neighboring facets: f161 f96 f233
